ts_event,rtype,publisher_id,instrument_id,open,high,low,close,volume,symbol
2019-10-11T00:00:00.000000000Z,33,1,15907,7782.500000000,7784.000000000,7777.500000000,7780.500000000,257,NQZ9
2019-10-11T00:01:00.000000000Z,33,1,15907,7781.000000000,7784.250000000,7779.750000000,7780.000000000,140,NQZ9
2019-10-11T00:02:00.000000000Z,33,1,15907,7779.750000000,7780.000000000,7775.250000000,7777.250000000,127,NQZ9
2019-10-11T00:03:00.000000000Z,33,1,15907,7777.500000000,7778.750000000,7775.250000000,7776.250000000,79,NQZ9
2019-10-11T00:04:00.000000000Z,33,1,15907,7777.000000000,7777.000000000,7773.250000000,7775.000000000,79,NQZ9
2019-10-11T00:05:00.000000000Z,33,1,15907,7775.000000000,7777.500000000,7774.750000000,7776.250000000,101,NQZ9
2019-10-11T00:06:00.000000000Z,33,1,15907,7776.500000000,7776.750000000,7774.500000000,7775.500000000,76,NQZ9
2019-10-11T00:07:00.000000000Z,33,1,15907,7776.000000000,7776.250000000,7774.250000000,7774.500000000,44,NQZ9
2019-10-11T00:08:00.000000000Z,33,1,15907,7775.500000000,7776.000000000,7773.750000000,7773.750000000,66,NQZ9
2019-10-11T00:09:00.000000000Z,33,1,15907,7774.500000000,7775.500000000,7768.000000000,7769.250000000,329,NQZ9
2019-10-11T00:10:00.000000000Z,33,1,15907,7769.750000000,7771.250000000,7768.000000000,7770.500000000,179,NQZ9
2019-10-11T00:11:00.000000000Z,33,1,15907,7771.000000000,7771.000000000,7769.000000000,7770.250000000,91,NQZ9
2019-10-11T00:12:00.000000000Z,33,1,15907,7770.000000000,7771.000000000,7769.250000000,7770.000000000,84,NQZ9
2019-10-11T00:13:00.000000000Z,33,1,15907,7770.250000000,7771.000000000,7768.750000000,7769.500000000,69,NQZ9
2019-10-11T00:14:00.000000000Z,33,1,15907,7769.750000000,7770.000000000,7767.250000000,7769.500000000,91,NQZ9
2019-10-11T00:15:00.000000000Z,33,1,15907,7769.250000000,7770.750000000,7767.000000000,7770.000000000,97,NQZ9
2019-10-11T00:16:00.000000000Z,33,1,15907,7770.250000000,7770.750000000,7769.250000000,7770.250000000,41,NQZ9
2019-10-11T00:17:00.000000000Z,33,1,15907,7770.250000000,7771.250000000,7769.250000000,7770.000000000,59,NQZ9
2019-10-11T00:18:00.000000000Z,33,1,15907,7770.250000000,7771.250000000,7769.750000000,7770.750000000,42,NQZ9
2019-10-11T00:19:00.000000000Z,33,1,15907,7770.750000000,7772.000000000,7769.750000000,7770.000000000,92,NQZ9
2019-10-11T00:20:00.000000000Z,33,1,15907,7770.000000000,7770.750000000,7769.500000000,7770.500000000,31,NQZ9
2019-10-11T00:21:00.000000000Z,33,1,15907,7770.500000000,7772.250000000,7770.500000000,7771.250000000,72,NQZ9
2019-10-11T00:22:00.000000000Z,33,1,15907,7771.000000000,7771.250000000,7770.250000000,7770.750000000,18,NQZ9
2019-10-11T00:23:00.000000000Z,33,1,15907,7771.000000000,7771.000000000,7770.500000000,7770.500000000,18,NQZ9
2019-10-11T00:24:00.000000000Z,33,1,15907,7770.500000000,7770.500000000,7768.500000000,7769.750000000,61,NQZ9
2019-10-11T00:25:00.000000000Z,33,1,15907,7769.750000000,7771.750000000,7769.750000000,7769.750000000,101,NQZ9
2019-10-11T00:26:00.000000000Z,33,1,15907,7770.000000000,7771.500000000,7770.000000000,7771.500000000,35,NQZ9
2019-10-11T00:27:00.000000000Z,33,1,15907,7772.000000000,7772.750000000,7769.250000000,7770.000000000,74,NQZ9
2019-10-11T00:28:00.000000000Z,33,1,15907,7770.750000000,7771.000000000,7770.000000000,7770.250000000,44,NQZ9
2019-10-11T00:29:00.000000000Z,33,1,15907,7770.250000000,7772.500000000,7770.250000000,7772.250000000,65,NQZ9
2019-10-11T00:29:00.000000000Z,33,1,10204,7791.000000000,7791.000000000,7791.000000000,7791.000000000,1,NQH0
2019-10-11T00:30:00.000000000Z,33,1,15907,7772.500000000,7772.500000000,7770.250000000,7770.750000000,124,NQZ9
2019-10-11T00:31:00.000000000Z,33,1,15907,7770.500000000,7772.250000000,7770.500000000,7771.000000000,30,NQZ9
2019-10-11T00:32:00.000000000Z,33,1,15907,7770.750000000,7772.000000000,7770.250000000,7770.250000000,54,NQZ9
2019-10-11T00:33:00.000000000Z,33,1,15907,7770.250000000,7771.000000000,7769.250000000,7769.750000000,43,NQZ9
2019-10-11T00:34:00.000000000Z,33,1,15907,7769.750000000,7772.250000000,7769.250000000,7772.250000000,24,NQZ9
2019-10-11T00:35:00.000000000Z,33,1,15907,7772.000000000,7775.750000000,7771.750000000,7775.000000000,145,NQZ9
2019-10-11T00:36:00.000000000Z,33,1,15907,7775.250000000,7775.250000000,7773.250000000,7773.750000000,40,NQZ9
2019-10-11T00:37:00.000000000Z,33,1,15907,7773.500000000,7773.500000000,7771.250000000,7771.750000000,94,NQZ9
2019-10-11T00:38:00.000000000Z,33,1,15907,7771.750000000,7772.500000000,7770.750000000,7772.500000000,74,NQZ9
2019-10-11T00:39:00.000000000Z,33,1,15907,7772.500000000,7773.500000000,7772.000000000,7772.500000000,31,NQZ9
2019-10-11T00:40:00.000000000Z,33,1,15907,7773.000000000,7774.250000000,7772.500000000,7772.750000000,60,NQZ9
2019-10-11T00:41:00.000000000Z,33,1,15907,7772.500000000,7775.500000000,7772.000000000,7774.500000000,78,NQZ9
2019-10-11T00:42:00.000000000Z,33,1,15907,7774.750000000,7775.250000000,7773.500000000,7773.500000000,45,NQZ9
2019-10-11T00:43:00.000000000Z,33,1,15907,7773.750000000,7774.000000000,7773.000000000,7774.000000000,28,NQZ9
2019-10-11T00:44:00.000000000Z,33,1,15907,7773.500000000,7774.250000000,7773.250000000,7774.250000000,17,NQZ9
2019-10-11T00:45:00.000000000Z,33,1,15907,7774.000000000,7774.500000000,7772.500000000,7772.750000000,32,NQZ9
2019-10-11T00:46:00.000000000Z,33,1,15907,7772.500000000,7772.500000000,7770.500000000,7771.250000000,50,NQZ9
2019-10-11T00:47:00.000000000Z,33,1,15907,7771.250000000,7772.750000000,7771.250000000,7772.750000000,18,NQZ9
2019-10-11T00:48:00.000000000Z,33,1,15907,7772.500000000,7772.750000000,7771.000000000,7771.750000000,19,NQZ9
2019-10-11T00:49:00.000000000Z,33,1,15907,7771.750000000,7772.500000000,7771.250000000,7772.250000000,24,NQZ9
2019-10-11T00:50:00.000000000Z,33,1,15907,7771.750000000,7778.250000000,7771.750000000,7776.500000000,170,NQZ9
2019-10-11T00:51:00.000000000Z,33,1,15907,7776.250000000,7777.250000000,7775.500000000,7776.500000000,78,NQZ9
2019-10-11T00:52:00.000000000Z,33,1,15907,7776.750000000,7777.500000000,7774.500000000,7776.000000000,102,NQZ9
2019-10-11T00:53:00.000000000Z,33,1,15907,7776.500000000,7781.250000000,7776.250000000,7780.250000000,198,NQZ9
2019-10-11T00:54:00.000000000Z,33,1,15907,7780.250000000,7780.250000000,7778.250000000,7779.750000000,84,NQZ9
2019-10-11T00:55:00.000000000Z,33,1,15907,7780.000000000,7781.500000000,7780.000000000,7781.000000000,53,NQZ9
2019-10-11T00:56:00.000000000Z,33,1,15907,7780.750000000,7781.750000000,7780.000000000,7780.000000000,87,NQZ9
2019-10-11T00:57:00.000000000Z,33,1,15907,7780.250000000,7780.500000000,7778.750000000,7779.000000000,45,NQZ9
2019-10-11T00:58:00.000000000Z,33,1,15907,7779.000000000,7779.500000000,7777.750000000,7778.500000000,57,NQZ9
2019-10-11T00:59:00.000000000Z,33,1,15907,7778.250000000,7779.000000000,7777.500000000,7778.500000000,58,NQZ9
2019-10-11T01:00:00.000000000Z,33,1,15907,7778.250000000,7779.250000000,7772.750000000,7773.000000000,185,NQZ9
2019-10-11T01:01:00.000000000Z,33,1,15907,7773.000000000,7775.750000000,7772.750000000,7774.750000000,85,NQZ9
2019-10-11T01:02:00.000000000Z,33,1,15907,7775.000000000,7775.250000000,7773.000000000,7774.250000000,88,NQZ9
2019-10-11T01:03:00.000000000Z,33,1,15907,7774.250000000,7774.750000000,7772.750000000,7774.000000000,74,NQZ9
2019-10-11T01:04:00.000000000Z,33,1,15907,7773.500000000,7775.000000000,7773.500000000,7775.000000000,38,NQZ9
2019-10-11T01:05:00.000000000Z,33,1,15907,7774.750000000,7775.250000000,7774.000000000,7774.500000000,22,NQZ9
2019-10-11T01:06:00.000000000Z,33,1,15907,7774.500000000,7776.250000000,7774.500000000,7775.750000000,22,NQZ9
2019-10-11T01:07:00.000000000Z,33,1,10204,7791.750000000,7791.750000000,7791.750000000,7791.750000000,1,NQH0
2019-10-11T01:07:00.000000000Z,33,1,15907,7776.000000000,7776.000000000,7773.750000000,7775.500000000,46,NQZ9
2019-10-11T01:08:00.000000000Z,33,1,15907,7776.000000000,7776.500000000,7774.250000000,7774.250000000,32,NQZ9
2019-10-11T01:09:00.000000000Z,33,1,15907,7774.000000000,7775.500000000,7774.000000000,7775.500000000,20,NQZ9
2019-10-11T01:10:00.000000000Z,33,1,15907,7775.750000000,7776.750000000,7775.500000000,7776.000000000,30,NQZ9
2019-10-11T01:11:00.000000000Z,33,1,15907,7775.750000000,7776.250000000,7775.250000000,7776.250000000,25,NQZ9
2019-10-11T01:12:00.000000000Z,33,1,15907,7775.500000000,7775.750000000,7774.500000000,7774.750000000,24,NQZ9
2019-10-11T01:13:00.000000000Z,33,1,15907,7775.000000000,7775.750000000,7773.750000000,7774.250000000,34,NQZ9
2019-10-11T01:14:00.000000000Z,33,1,15907,7773.750000000,7773.750000000,7772.500000000,7773.250000000,47,NQZ9
2019-10-11T01:15:00.000000000Z,33,1,15907,7773.000000000,7773.750000000,7771.750000000,7773.750000000,78,NQZ9
2019-10-11T01:15:00.000000000Z,33,1,10204,7791.000000000,7791.000000000,7791.000000000,7791.000000000,1,NQH0
2019-10-11T01:16:00.000000000Z,33,1,9346,18.500000000,18.500000000,18.500000000,18.500000000,1,NQZ9-NQH0
2019-10-11T01:16:00.000000000Z,33,1,15907,7774.000000000,7774.500000000,7772.000000000,7773.250000000,47,NQZ9
2019-10-11T01:17:00.000000000Z,33,1,15907,7773.250000000,7775.000000000,7773.250000000,7774.000000000,121,NQZ9
2019-10-11T01:18:00.000000000Z,33,1,15907,7774.250000000,7778.000000000,7774.000000000,7777.500000000,60,NQZ9
2019-10-11T01:19:00.000000000Z,33,1,15907,7777.250000000,7778.500000000,7776.000000000,7776.750000000,81,NQZ9
2019-10-11T01:20:00.000000000Z,33,1,15907,7777.000000000,7778.000000000,7776.500000000,7777.500000000,64,NQZ9
2019-10-11T01:21:00.000000000Z,33,1,15907,7777.250000000,7777.750000000,7775.250000000,7776.000000000,81,NQZ9
2019-10-11T01:22:00.000000000Z,33,1,15907,7775.750000000,7778.000000000,7775.500000000,7777.500000000,39,NQZ9
2019-10-11T01:23:00.000000000Z,33,1,15907,7777.750000000,7778.000000000,7776.750000000,7778.000000000,35,NQZ9
2019-10-11T01:24:00.000000000Z,33,1,15907,7777.750000000,7781.750000000,7777.750000000,7780.000000000,132,NQZ9
2019-10-11T01:24:00.000000000Z,33,1,10204,7797.250000000,7797.250000000,7797.250000000,7797.250000000,1,NQH0
2019-10-11T01:25:00.000000000Z,33,1,15907,7780.000000000,7781.250000000,7778.500000000,7781.000000000,76,NQZ9
2019-10-11T01:26:00.000000000Z,33,1,15907,7781.000000000,7781.000000000,7778.500000000,7779.500000000,74,NQZ9
2019-10-11T01:27:00.000000000Z,33,1,15907,7779.750000000,7783.000000000,7778.750000000,7782.500000000,134,NQZ9
2019-10-11T01:28:00.000000000Z,33,1,15907,7782.500000000,7782.500000000,7781.000000000,7781.250000000,89,NQZ9
2019-10-11T01:29:00.000000000Z,33,1,15907,7780.750000000,7781.000000000,7778.500000000,7778.500000000,75,NQZ9
2019-10-11T01:30:00.000000000Z,33,1,15907,7778.500000000,7778.750000000,7777.500000000,7777.750000000,87,NQZ9
2019-10-11T01:31:00.000000000Z,33,1,15907,7778.250000000,7783.750000000,7778.000000000,7783.500000000,173,NQZ9
2019-10-11T01:32:00.000000000Z,33,1,15907,7782.750000000,7783.000000000,7781.750000000,7782.750000000,64,NQZ9
2019-10-11T01:33:00.000000000Z,33,1,15907,7782.250000000,7788.000000000,7780.750000000,7786.000000000,286,NQZ9
2019-10-11T01:33:00.000000000Z,33,1,10204,7803.000000000,7803.000000000,7803.000000000,7803.000000000,1,NQH0
2019-10-11T01:34:00.000000000Z,33,1,15907,7785.750000000,7786.500000000,7782.250000000,7782.750000000,135,NQZ9
2019-10-11T01:35:00.000000000Z,33,1,15907,7783.000000000,7783.750000000,7779.000000000,7779.750000000,153,NQZ9
2019-10-11T01:36:00.000000000Z,33,1,15907,7779.500000000,7781.500000000,7779.250000000,7779.750000000,109,NQZ9
2019-10-11T01:37:00.000000000Z,33,1,15907,7779.500000000,7780.000000000,7778.750000000,7778.750000000,37,NQZ9
2019-10-11T01:38:00.000000000Z,33,1,15907,7778.500000000,7779.500000000,7776.500000000,7777.250000000,88,NQZ9
2019-10-11T01:39:00.000000000Z,33,1,15907,7777.500000000,7777.750000000,7775.250000000,7775.500000000,85,NQZ9
2019-10-11T01:40:00.000000000Z,33,1,15907,7775.500000000,7775.500000000,7772.500000000,7773.500000000,147,NQZ9
2019-10-11T01:41:00.000000000Z,33,1,15907,7773.000000000,7777.750000000,7771.750000000,7776.000000000,170,NQZ9
2019-10-11T01:42:00.000000000Z,33,1,15907,7776.250000000,7778.500000000,7775.750000000,7777.750000000,51,NQZ9
2019-10-11T01:43:00.000000000Z,33,1,15907,7777.750000000,7778.000000000,7775.000000000,7776.500000000,43,NQZ9
2019-10-11T01:44:00.000000000Z,33,1,15907,7776.250000000,7778.750000000,7776.000000000,7778.500000000,58,NQZ9
2019-10-11T01:45:00.000000000Z,33,1,15907,7778.250000000,7778.500000000,7776.500000000,7778.500000000,64,NQZ9
2019-10-11T01:46:00.000000000Z,33,1,15907,7778.750000000,7779.250000000,7778.000000000,7779.000000000,46,NQZ9
2019-10-11T01:47:00.000000000Z,33,1,15907,7778.750000000,7779.250000000,7777.250000000,7778.000000000,50,NQZ9
2019-10-11T01:48:00.000000000Z,33,1,15907,7777.750000000,7781.250000000,7777.750000000,7780.000000000,113,NQZ9
2019-10-11T01:49:00.000000000Z,33,1,15907,7779.750000000,7781.500000000,7778.750000000,7778.750000000,104,NQZ9
2019-10-11T01:50:00.000000000Z,33,1,15907,7778.250000000,7779.000000000,7777.500000000,7778.000000000,47,NQZ9
2019-10-11T01:51:00.000000000Z,33,1,15907,7777.500000000,7781.000000000,7777.500000000,7778.750000000,145,NQZ9
2019-10-11T01:52:00.000000000Z,33,1,15907,7778.500000000,7779.000000000,7777.750000000,7778.000000000,27,NQZ9
2019-10-11T01:53:00.000000000Z,33,1,15907,7778.500000000,7779.750000000,7778.000000000,7779.750000000,24,NQZ9
2019-10-11T01:54:00.000000000Z,33,1,15907,7779.000000000,7780.750000000,7779.000000000,7780.000000000,33,NQZ9
2019-10-11T01:55:00.000000000Z,33,1,15907,7780.250000000,7780.750000000,7779.750000000,7780.000000000,31,NQZ9
2019-10-11T01:56:00.000000000Z,33,1,15907,7779.750000000,7780.250000000,7779.250000000,7780.000000000,18,NQZ9
2019-10-11T01:57:00.000000000Z,33,1,15907,7780.000000000,7780.000000000,7778.750000000,7779.000000000,29,NQZ9
2019-10-11T01:58:00.000000000Z,33,1,15907,7779.000000000,7782.500000000,7779.000000000,7782.000000000,54,NQZ9
2019-10-11T01:59:00.000000000Z,33,1,15907,7781.750000000,7783.250000000,7781.500000000,7782.500000000,64,NQZ9
2019-10-11T02:00:00.000000000Z,33,1,15907,7782.500000000,7782.500000000,7780.500000000,7780.500000000,89,NQZ9
2019-10-11T02:01:00.000000000Z,33,1,15907,7780.750000000,7781.500000000,7780.750000000,7781.250000000,9,NQZ9
2019-10-11T02:02:00.000000000Z,33,1,15907,7781.250000000,7781.500000000,7780.250000000,7780.250000000,20,NQZ9
2019-10-11T02:03:00.000000000Z,33,1,15907,7780.250000000,7780.500000000,7779.000000000,7779.750000000,39,NQZ9
2019-10-11T02:04:00.000000000Z,33,1,15907,7779.750000000,7780.750000000,7779.500000000,7779.500000000,38,NQZ9
2019-10-11T02:05:00.000000000Z,33,1,15907,7779.500000000,7780.500000000,7779.500000000,7780.500000000,37,NQZ9
2019-10-11T02:06:00.000000000Z,33,1,15907,7779.750000000,7781.500000000,7779.500000000,7781.000000000,26,NQZ9
2019-10-11T02:07:00.000000000Z,33,1,15907,7780.750000000,7781.000000000,7780.000000000,7780.750000000,25,NQZ9
2019-10-11T02:08:00.000000000Z,33,1,15907,7781.000000000,7781.000000000,7780.250000000,7780.250000000,10,NQZ9
2019-10-11T02:09:00.000000000Z,33,1,15907,7780.750000000,7781.250000000,7780.000000000,7780.500000000,26,NQZ9
2019-10-11T02:10:00.000000000Z,33,1,15907,7780.250000000,7781.250000000,7780.250000000,7780.750000000,18,NQZ9
2019-10-11T02:11:00.000000000Z,33,1,15907,7781.250000000,7783.250000000,7781.000000000,7781.500000000,49,NQZ9
2019-10-11T02:12:00.000000000Z,33,1,15907,7781.750000000,7781.750000000,7780.500000000,7780.500000000,18,NQZ9
2019-10-11T02:13:00.000000000Z,33,1,15907,7780.250000000,7781.250000000,7780.250000000,7780.750000000,20,NQZ9
2019-10-11T02:14:00.000000000Z,33,1,15907,7780.750000000,7782.250000000,7780.750000000,7782.000000000,16,NQZ9
2019-10-11T02:15:00.000000000Z,33,1,15907,7782.000000000,7782.500000000,7781.000000000,7781.000000000,33,NQZ9
2019-10-11T02:16:00.000000000Z,33,1,15907,7781.000000000,7782.000000000,7780.250000000,7780.250000000,71,NQZ9
2019-10-11T02:17:00.000000000Z,33,1,15907,7780.500000000,7781.750000000,7780.500000000,7781.500000000,46,NQZ9
2019-10-11T02:18:00.000000000Z,33,1,15907,7781.250000000,7781.500000000,7780.500000000,7780.750000000,20,NQZ9
2019-10-11T02:19:00.000000000Z,33,1,15907,7780.750000000,7782.000000000,7780.750000000,7780.750000000,25,NQZ9
2019-10-11T02:20:00.000000000Z,33,1,15907,7780.250000000,7781.250000000,7780.250000000,7781.250000000,44,NQZ9
2019-10-11T02:21:00.000000000Z,33,1,15907,7781.000000000,7781.000000000,7779.750000000,7780.000000000,27,NQZ9
2019-10-11T02:22:00.000000000Z,33,1,15907,7780.000000000,7780.000000000,7779.000000000,7779.000000000,30,NQZ9
2019-10-11T02:23:00.000000000Z,33,1,15907,7779.500000000,7780.000000000,7779.250000000,7780.000000000,22,NQZ9
2019-10-11T02:24:00.000000000Z,33,1,10204,7797.500000000,7797.500000000,7797.500000000,7797.500000000,1,NQH0
2019-10-11T02:24:00.000000000Z,33,1,15907,7779.750000000,7779.750000000,7778.500000000,7779.750000000,45,NQZ9
2019-10-11T02:25:00.000000000Z,33,1,15907,7779.500000000,7781.000000000,7778.500000000,7781.000000000,31,NQZ9
2019-10-11T02:26:00.000000000Z,33,1,15907,7781.250000000,7781.500000000,7780.250000000,7780.500000000,27,NQZ9
2019-10-11T02:27:00.000000000Z,33,1,15907,7780.750000000,7781.000000000,7780.750000000,7781.000000000,14,NQZ9
2019-10-11T02:28:00.000000000Z,33,1,15907,7780.750000000,7781.250000000,7780.500000000,7781.000000000,25,NQZ9
2019-10-11T02:29:00.000000000Z,33,1,15907,7781.000000000,7781.750000000,7781.000000000,7781.250000000,14,NQZ9
2019-10-11T02:30:00.000000000Z,33,1,15907,7781.250000000,7783.500000000,7781.000000000,7783.250000000,71,NQZ9
2019-10-11T02:31:00.000000000Z,33,1,15907,7783.000000000,7783.000000000,7781.000000000,7781.250000000,30,NQZ9
2019-10-11T02:32:00.000000000Z,33,1,15907,7781.500000000,7781.750000000,7780.750000000,7781.000000000,18,NQZ9
2019-10-11T02:33:00.000000000Z,33,1,15907,7780.750000000,7781.250000000,7780.500000000,7780.750000000,17,NQZ9
2019-10-11T02:34:00.000000000Z,33,1,15907,7780.750000000,7781.000000000,7780.500000000,7780.500000000,18,NQZ9
2019-10-11T02:35:00.000000000Z,33,1,15907,7780.250000000,7781.750000000,7779.750000000,7781.250000000,45,NQZ9
2019-10-11T02:36:00.000000000Z,33,1,15907,7781.000000000,7781.250000000,7779.750000000,7779.750000000,31,NQZ9
2019-10-11T02:37:00.000000000Z,33,1,15907,7780.000000000,7780.000000000,7778.750000000,7779.000000000,44,NQZ9
2019-10-11T02:38:00.000000000Z,33,1,15907,7779.000000000,7779.500000000,7778.750000000,7778.750000000,26,NQZ9
2019-10-11T02:39:00.000000000Z,33,1,15907,7778.500000000,7778.500000000,7777.250000000,7777.750000000,63,NQZ9
2019-10-11T02:40:00.000000000Z,33,1,15907,7778.000000000,7779.250000000,7777.750000000,7779.250000000,37,NQZ9
2019-10-11T02:41:00.000000000Z,33,1,15907,7779.500000000,7779.500000000,7779.000000000,7779.000000000,18,NQZ9
2019-10-11T02:42:00.000000000Z,33,1,15907,7778.750000000,7779.000000000,7778.500000000,7778.750000000,18,NQZ9
2019-10-11T02:43:00.000000000Z,33,1,15907,7778.500000000,7779.000000000,7778.000000000,7778.750000000,29,NQZ9
2019-10-11T02:44:00.000000000Z,33,1,15907,7779.500000000,7779.500000000,7779.250000000,7779.500000000,9,NQZ9
2019-10-11T02:45:00.000000000Z,33,1,15907,7779.500000000,7779.500000000,7777.500000000,7777.750000000,35,NQZ9
2019-10-11T02:46:00.000000000Z,33,1,15907,7778.250000000,7779.000000000,7778.250000000,7778.750000000,5,NQZ9
2019-10-11T02:47:00.000000000Z,33,1,15907,7778.500000000,7778.500000000,7777.750000000,7777.750000000,18,NQZ9
2019-10-11T02:48:00.000000000Z,33,1,15907,7778.250000000,7778.500000000,7778.000000000,7778.000000000,7,NQZ9
2019-10-11T02:49:00.000000000Z,33,1,15907,7778.000000000,7779.750000000,7778.000000000,7779.000000000,19,NQZ9
2019-10-11T02:50:00.000000000Z,33,1,15907,7779.000000000,7780.250000000,7779.000000000,7780.250000000,21,NQZ9
2019-10-11T02:51:00.000000000Z,33,1,15907,7780.250000000,7780.250000000,7779.250000000,7779.750000000,30,NQZ9
2019-10-11T02:52:00.000000000Z,33,1,15907,7779.500000000,7780.750000000,7779.000000000,7780.250000000,26,NQZ9
2019-10-11T02:53:00.000000000Z,33,1,15907,7780.000000000,7780.500000000,7780.000000000,7780.500000000,15,NQZ9
2019-10-11T02:54:00.000000000Z,33,1,15907,7780.750000000,7781.500000000,7780.500000000,7780.750000000,38,NQZ9
2019-10-11T02:55:00.000000000Z,33,1,15907,7780.750000000,7780.750000000,7780.750000000,7780.750000000,8,NQZ9
2019-10-11T02:56:00.000000000Z,33,1,15907,7781.250000000,7782.000000000,7781.000000000,7781.000000000,32,NQZ9
2019-10-11T02:57:00.000000000Z,33,1,15907,7780.500000000,7781.500000000,7780.500000000,7781.250000000,17,NQZ9
2019-10-11T02:58:00.000000000Z,33,1,15907,7781.500000000,7782.000000000,7781.000000000,7782.000000000,26,NQZ9
2019-10-11T02:59:00.000000000Z,33,1,15907,7782.750000000,7782.750000000,7781.250000000,7781.750000000,29,NQZ9
2019-10-11T03:00:00.000000000Z,33,1,15907,7782.000000000,7782.750000000,7782.000000000,7782.750000000,17,NQZ9
2019-10-11T03:01:00.000000000Z,33,1,10204,7802.500000000,7802.500000000,7802.500000000,7802.500000000,1,NQH0
2019-10-11T03:01:00.000000000Z,33,1,15907,7782.500000000,7784.250000000,7782.500000000,7783.500000000,47,NQZ9
2019-10-11T03:02:00.000000000Z,33,1,15907,7783.500000000,7784.000000000,7783.250000000,7784.000000000,20,NQZ9
2019-10-11T03:03:00.000000000Z,33,1,15907,7784.000000000,7784.000000000,7783.500000000,7783.750000000,17,NQZ9
2019-10-11T03:04:00.000000000Z,33,1,15907,7783.500000000,7787.000000000,7783.500000000,7786.000000000,137,NQZ9
2019-10-11T03:05:00.000000000Z,33,1,15907,7786.500000000,7787.500000000,7785.000000000,7785.500000000,97,NQZ9
2019-10-11T03:06:00.000000000Z,33,1,15907,7785.750000000,7786.250000000,7785.250000000,7785.750000000,18,NQZ9
2019-10-11T03:07:00.000000000Z,33,1,15907,7786.000000000,7786.250000000,7783.500000000,7784.250000000,69,NQZ9
2019-10-11T03:08:00.000000000Z,33,1,15907,7784.000000000,7785.250000000,7783.500000000,7784.500000000,43,NQZ9
2019-10-11T03:09:00.000000000Z,33,1,15907,7784.500000000,7785.000000000,7784.250000000,7784.750000000,10,NQZ9
2019-10-11T03:10:00.000000000Z,33,1,15907,7784.750000000,7785.000000000,7784.000000000,7784.000000000,19,NQZ9
2019-10-11T03:11:00.000000000Z,33,1,15907,7784.000000000,7785.250000000,7783.750000000,7785.250000000,35,NQZ9
2019-10-11T03:12:00.000000000Z,33,1,15907,7785.500000000,7786.500000000,7784.000000000,7784.500000000,40,NQZ9
2019-10-11T03:13:00.000000000Z,33,1,15907,7784.500000000,7785.250000000,7784.250000000,7785.000000000,20,NQZ9
2019-10-11T03:14:00.000000000Z,33,1,15907,7785.250000000,7787.250000000,7785.250000000,7785.750000000,49,NQZ9
2019-10-11T03:15:00.000000000Z,33,1,15907,7786.000000000,7787.000000000,7786.000000000,7787.000000000,65,NQZ9
2019-10-11T03:16:00.000000000Z,33,1,15907,7786.750000000,7787.250000000,7785.500000000,7785.500000000,30,NQZ9
2019-10-11T03:17:00.000000000Z,33,1,15907,7785.750000000,7787.250000000,7785.750000000,7787.250000000,33,NQZ9
2019-10-11T03:18:00.000000000Z,33,1,15907,7787.500000000,7792.000000000,7787.500000000,7791.250000000,304,NQZ9
2019-10-11T03:18:00.000000000Z,33,1,10204,7805.000000000,7805.000000000,7805.000000000,7805.000000000,1,NQH0
2019-10-11T03:19:00.000000000Z,33,1,15907,7791.000000000,7791.250000000,7789.500000000,7789.750000000,66,NQZ9
2019-10-11T03:20:00.000000000Z,33,1,15907,7790.000000000,7791.500000000,7789.250000000,7790.750000000,65,NQZ9
2019-10-11T03:21:00.000000000Z,33,1,15907,7790.750000000,7792.500000000,7790.750000000,7791.500000000,56,NQZ9
2019-10-11T03:22:00.000000000Z,33,1,15907,7791.750000000,7794.250000000,7791.500000000,7793.250000000,191,NQZ9
2019-10-11T03:23:00.000000000Z,33,1,15907,7793.250000000,7797.250000000,7793.250000000,7795.750000000,203,NQZ9
2019-10-11T03:24:00.000000000Z,33,1,15907,7795.250000000,7795.250000000,7793.500000000,7794.250000000,92,NQZ9
2019-10-11T03:25:00.000000000Z,33,1,15907,7794.750000000,7795.000000000,7793.250000000,7793.500000000,59,NQZ9
2019-10-11T03:26:00.000000000Z,33,1,15907,7793.500000000,7794.750000000,7793.500000000,7794.500000000,48,NQZ9
2019-10-11T03:27:00.000000000Z,33,1,15907,7794.500000000,7794.750000000,7792.500000000,7793.000000000,57,NQZ9
2019-10-11T03:28:00.000000000Z,33,1,15907,7793.250000000,7793.250000000,7791.500000000,7792.250000000,62,NQZ9
2019-10-11T03:29:00.000000000Z,33,1,15907,7792.000000000,7793.750000000,7792.000000000,7792.750000000,91,NQZ9
2019-10-11T03:30:00.000000000Z,33,1,15907,7793.250000000,7793.250000000,7792.000000000,7792.750000000,55,NQZ9
2019-10-11T03:31:00.000000000Z,33,1,15907,7792.750000000,7793.500000000,7792.750000000,7793.250000000,24,NQZ9
2019-10-11T03:32:00.000000000Z,33,1,15907,7793.000000000,7794.000000000,7792.750000000,7793.750000000,35,NQZ9
2019-10-11T03:33:00.000000000Z,33,1,15907,7793.500000000,7794.000000000,7793.500000000,7793.750000000,12,NQZ9
2019-10-11T03:34:00.000000000Z,33,1,15907,7793.500000000,7794.500000000,7793.500000000,7793.500000000,12,NQZ9
2019-10-11T03:35:00.000000000Z,33,1,15907,7793.750000000,7795.000000000,7793.500000000,7795.000000000,34,NQZ9
2019-10-11T03:36:00.000000000Z,33,1,15907,7795.000000000,7795.750000000,7793.750000000,7794.250000000,66,NQZ9
2019-10-11T03:37:00.000000000Z,33,1,15907,7794.500000000,7794.500000000,7792.500000000,7792.750000000,33,NQZ9
2019-10-11T03:38:00.000000000Z,33,1,15907,7792.500000000,7792.750000000,7791.500000000,7791.500000000,82,NQZ9
2019-10-11T03:39:00.000000000Z,33,1,15907,7791.500000000,7795.250000000,7790.750000000,7794.500000000,194,NQZ9
2019-10-11T03:40:00.000000000Z,33,1,15907,7794.750000000,7795.250000000,7794.500000000,7795.000000000,61,NQZ9
2019-10-11T03:41:00.000000000Z,33,1,15907,7794.750000000,7796.000000000,7794.750000000,7795.500000000,59,NQZ9
2019-10-11T03:42:00.000000000Z,33,1,15907,7796.000000000,7796.000000000,7794.250000000,7794.500000000,29,NQZ9
2019-10-11T03:43:00.000000000Z,33,1,15907,7794.750000000,7795.250000000,7794.750000000,7795.000000000,16,NQZ9
2019-10-11T03:44:00.000000000Z,33,1,15907,7795.000000000,7797.500000000,7795.000000000,7796.250000000,64,NQZ9
2019-10-11T03:45:00.000000000Z,33,1,15907,7796.500000000,7796.500000000,7795.250000000,7795.250000000,28,NQZ9
2019-10-11T03:46:00.000000000Z,33,1,15907,7795.500000000,7795.750000000,7794.750000000,7795.250000000,44,NQZ9
2019-10-11T03:47:00.000000000Z,33,1,15907,7795.500000000,7795.750000000,7795.000000000,7795.250000000,20,NQZ9
2019-10-11T03:48:00.000000000Z,33,1,15907,7795.250000000,7795.500000000,7793.750000000,7794.500000000,45,NQZ9
2019-10-11T03:49:00.000000000Z,33,1,15907,7794.500000000,7795.000000000,7794.250000000,7794.500000000,25,NQZ9
2019-10-11T03:50:00.000000000Z,33,1,15907,7794.750000000,7795.000000000,7794.500000000,7794.500000000,21,NQZ9
2019-10-11T03:51:00.000000000Z,33,1,15907,7794.500000000,7794.750000000,7793.500000000,7793.750000000,39,NQZ9
2019-10-11T03:52:00.000000000Z,33,1,15907,7794.500000000,7796.000000000,7794.250000000,7795.750000000,50,NQZ9
2019-10-11T03:53:00.000000000Z,33,1,15907,7795.750000000,7795.750000000,7795.500000000,7795.750000000,10,NQZ9
2019-10-11T03:54:00.000000000Z,33,1,15907,7795.500000000,7796.000000000,7795.500000000,7795.750000000,12,NQZ9
2019-10-11T03:55:00.000000000Z,33,1,15907,7796.000000000,7798.000000000,7796.000000000,7797.000000000,65,NQZ9
2019-10-11T03:56:00.000000000Z,33,1,15907,7797.000000000,7797.000000000,7795.750000000,7795.750000000,37,NQZ9
2019-10-11T03:57:00.000000000Z,33,1,15907,7795.750000000,7797.250000000,7795.750000000,7796.750000000,26,NQZ9
2019-10-11T03:58:00.000000000Z,33,1,15907,7796.750000000,7797.250000000,7796.000000000,7796.250000000,33,NQZ9
2019-10-11T03:59:00.000000000Z,33,1,15907,7796.500000000,7797.500000000,7796.500000000,7797.000000000,58,NQZ9
2019-10-11T04:00:00.000000000Z,33,1,15907,7797.250000000,7797.250000000,7794.500000000,7795.000000000,67,NQZ9
2019-10-11T04:01:00.000000000Z,33,1,15907,7795.250000000,7795.750000000,7794.750000000,7795.250000000,19,NQZ9
2019-10-11T04:02:00.000000000Z,33,1,15907,7795.000000000,7796.500000000,7794.750000000,7795.500000000,46,NQZ9
2019-10-11T04:03:00.000000000Z,33,1,15907,7795.500000000,7795.500000000,7795.000000000,7795.500000000,19,NQZ9
2019-10-11T04:04:00.000000000Z,33,1,15907,7795.500000000,7795.500000000,7795.000000000,7795.000000000,5,NQZ9
2019-10-11T04:05:00.000000000Z,33,1,15907,7795.500000000,7796.250000000,7795.250000000,7795.750000000,24,NQZ9
2019-10-11T04:06:00.000000000Z,33,1,15907,7795.500000000,7796.500000000,7795.500000000,7796.250000000,33,NQZ9
2019-10-11T04:07:00.000000000Z,33,1,15907,7796.000000000,7796.500000000,7795.500000000,7796.500000000,14,NQZ9
2019-10-11T04:08:00.000000000Z,33,1,15907,7796.250000000,7796.500000000,7796.000000000,7796.000000000,6,NQZ9
2019-10-11T04:09:00.000000000Z,33,1,15907,7796.000000000,7796.250000000,7795.000000000,7795.000000000,24,NQZ9
2019-10-11T04:10:00.000000000Z,33,1,15907,7795.750000000,7796.500000000,7795.250000000,7796.250000000,13,NQZ9
2019-10-11T04:11:00.000000000Z,33,1,15907,7796.500000000,7796.750000000,7796.250000000,7796.250000000,12,NQZ9
2019-10-11T04:12:00.000000000Z,33,1,15907,7796.000000000,7796.000000000,7795.750000000,7796.000000000,7,NQZ9
2019-10-11T04:13:00.000000000Z,33,1,15907,7796.000000000,7796.000000000,7795.500000000,7795.750000000,5,NQZ9
2019-10-11T04:14:00.000000000Z,33,1,15907,7796.000000000,7796.500000000,7796.000000000,7796.000000000,16,NQZ9
2019-10-11T04:14:00.000000000Z,33,1,10204,7816.250000000,7816.250000000,7816.250000000,7816.250000000,2,NQH0
2019-10-11T04:15:00.000000000Z,33,1,15907,7795.750000000,7796.500000000,7795.500000000,7796.250000000,13,NQZ9
2019-10-11T04:16:00.000000000Z,33,1,15907,7795.750000000,7798.750000000,7795.750000000,7798.500000000,90,NQZ9
2019-10-11T04:17:00.000000000Z,33,1,15907,7798.250000000,7801.750000000,7798.000000000,7801.250000000,235,NQZ9
2019-10-11T04:18:00.000000000Z,33,1,9346,17.800000000,17.800000000,17.800000000,17.800000000,1,NQZ9-NQH0
2019-10-11T04:18:00.000000000Z,33,1,15907,7801.250000000,7801.250000000,7799.500000000,7800.750000000,84,NQZ9
2019-10-11T04:18:00.000000000Z,33,1,10204,7820.500000000,7821.000000000,7818.000000000,7818.000000000,7,NQH0
2019-10-11T04:19:00.000000000Z,33,1,15907,7800.500000000,7801.000000000,7799.500000000,7800.000000000,50,NQZ9
2019-10-11T04:20:00.000000000Z,33,1,15907,7799.750000000,7801.000000000,7799.000000000,7799.250000000,102,NQZ9
2019-10-11T04:21:00.000000000Z,33,1,15907,7799.250000000,7800.750000000,7798.750000000,7800.250000000,82,NQZ9
2019-10-11T04:22:00.000000000Z,33,1,15907,7800.250000000,7800.750000000,7800.250000000,7800.500000000,13,NQZ9
2019-10-11T04:23:00.000000000Z,33,1,15907,7800.750000000,7802.000000000,7800.500000000,7800.500000000,84,NQZ9
2019-10-11T04:24:00.000000000Z,33,1,15907,7800.250000000,7800.500000000,7799.500000000,7799.750000000,31,NQZ9
2019-10-11T04:25:00.000000000Z,33,1,15907,7799.500000000,7800.000000000,7799.250000000,7799.500000000,31,NQZ9
2019-10-11T04:26:00.000000000Z,33,1,15907,7799.500000000,7799.750000000,7799.250000000,7799.500000000,15,NQZ9
2019-10-11T04:27:00.000000000Z,33,1,15907,7799.000000000,7800.500000000,7798.250000000,7800.500000000,86,NQZ9
2019-10-11T04:28:00.000000000Z,33,1,15907,7800.750000000,7801.750000000,7800.500000000,7801.250000000,58,NQZ9
2019-10-11T04:29:00.000000000Z,33,1,15907,7801.250000000,7801.500000000,7801.000000000,7801.000000000,15,NQZ9
2019-10-11T04:30:00.000000000Z,33,1,15907,7801.250000000,7801.750000000,7801.000000000,7801.250000000,27,NQZ9
2019-10-11T04:31:00.000000000Z,33,1,15907,7801.500000000,7801.750000000,7801.000000000,7801.000000000,35,NQZ9
2019-10-11T04:32:00.000000000Z,33,1,15907,7801.250000000,7801.250000000,7801.000000000,7801.000000000,16,NQZ9
2019-10-11T04:33:00.000000000Z,33,1,15907,7801.750000000,7802.500000000,7801.750000000,7802.000000000,67,NQZ9
2019-10-11T04:34:00.000000000Z,33,1,15907,7801.750000000,7802.250000000,7800.750000000,7802.000000000,45,NQZ9
2019-10-11T04:35:00.000000000Z,33,1,15907,7802.250000000,7802.500000000,7802.000000000,7802.000000000,34,NQZ9
2019-10-11T04:36:00.000000000Z,33,1,15907,7801.750000000,7802.250000000,7801.750000000,7802.250000000,15,NQZ9
2019-10-11T04:37:00.000000000Z,33,1,15907,7802.750000000,7806.250000000,7802.750000000,7804.500000000,195,NQZ9
2019-10-11T04:38:00.000000000Z,33,1,15907,7804.250000000,7805.750000000,7803.750000000,7805.500000000,97,NQZ9
2019-10-11T04:39:00.000000000Z,33,1,15907,7805.250000000,7807.750000000,7804.250000000,7806.500000000,195,NQZ9
2019-10-11T04:39:00.000000000Z,33,1,10204,7825.000000000,7825.000000000,7825.000000000,7825.000000000,1,NQH0
2019-10-11T04:39:00.000000000Z,33,1,9346,17.800000000,17.800000000,17.800000000,17.800000000,1,NQZ9-NQH0
2019-10-11T04:40:00.000000000Z,33,1,15907,7806.750000000,7807.250000000,7805.500000000,7807.250000000,81,NQZ9
2019-10-11T04:41:00.000000000Z,33,1,15907,7807.250000000,7807.500000000,7806.250000000,7807.500000000,40,NQZ9
2019-10-11T04:42:00.000000000Z,33,1,15907,7807.500000000,7808.750000000,7807.000000000,7808.000000000,83,NQZ9
2019-10-11T04:43:00.000000000Z,33,1,15907,7807.500000000,7808.000000000,7807.250000000,7807.250000000,43,NQZ9
2019-10-11T04:44:00.000000000Z,33,1,15907,7807.000000000,7807.500000000,7806.750000000,7807.500000000,37,NQZ9
2019-10-11T04:45:00.000000000Z,33,1,15907,7807.250000000,7807.500000000,7806.000000000,7806.750000000,88,NQZ9
2019-10-11T04:46:00.000000000Z,33,1,15907,7806.500000000,7807.000000000,7804.500000000,7804.750000000,158,NQZ9
2019-10-11T04:47:00.000000000Z,33,1,9346,18.850000000,18.850000000,18.850000000,18.850000000,1,NQZ9-NQH0
2019-10-11T04:47:00.000000000Z,33,1,10204,7824.000000000,7824.000000000,7824.000000000,7824.000000000,1,NQH0
2019-10-11T04:47:00.000000000Z,33,1,15907,7805.250000000,7805.500000000,7804.500000000,7805.000000000,57,NQZ9
2019-10-11T04:48:00.000000000Z,33,1,15907,7804.750000000,7805.250000000,7804.000000000,7804.500000000,40,NQZ9
2019-10-11T04:49:00.000000000Z,33,1,15907,7804.500000000,7804.750000000,7804.500000000,7804.500000000,4,NQZ9
2019-10-11T04:50:00.000000000Z,33,1,15907,7804.750000000,7805.500000000,7804.750000000,7805.250000000,22,NQZ9
2019-10-11T04:51:00.000000000Z,33,1,15907,7805.000000000,7805.500000000,7804.500000000,7805.500000000,14,NQZ9
2019-10-11T04:52:00.000000000Z,33,1,15907,7805.750000000,7806.500000000,7805.500000000,7805.750000000,30,NQZ9
2019-10-11T04:53:00.000000000Z,33,1,15907,7805.750000000,7805.750000000,7805.000000000,7805.250000000,16,NQZ9
2019-10-11T04:53:00.000000000Z,33,1,10204,7822.250000000,7822.250000000,7822.250000000,7822.250000000,1,NQH0
2019-10-11T04:54:00.000000000Z,33,1,15907,7805.000000000,7805.750000000,7804.500000000,7805.250000000,36,NQZ9
2019-10-11T04:55:00.000000000Z,33,1,15907,7805.250000000,7806.250000000,7805.250000000,7805.750000000,36,NQZ9
2019-10-11T04:56:00.000000000Z,33,1,15907,7805.500000000,7805.500000000,7804.750000000,7804.750000000,28,NQZ9
2019-10-11T04:57:00.000000000Z,33,1,15907,7805.250000000,7806.500000000,7804.500000000,7805.250000000,60,NQZ9
2019-10-11T04:58:00.000000000Z,33,1,15907,7805.250000000,7805.500000000,7804.000000000,7804.000000000,53,NQZ9
2019-10-11T04:59:00.000000000Z,33,1,15907,7804.000000000,7804.500000000,7803.750000000,7804.500000000,27,NQZ9
2019-10-11T05:00:00.000000000Z,33,1,15907,7804.000000000,7804.750000000,7803.750000000,7804.000000000,71,NQZ9
2019-10-11T05:01:00.000000000Z,33,1,15907,7804.000000000,7805.000000000,7803.500000000,7804.000000000,55,NQZ9
2019-10-11T05:02:00.000000000Z,33,1,15907,7804.250000000,7804.750000000,7804.000000000,7804.750000000,28,NQZ9
2019-10-11T05:03:00.000000000Z,33,1,15907,7804.500000000,7806.750000000,7804.500000000,7804.750000000,103,NQZ9
2019-10-11T05:04:00.000000000Z,33,1,15907,7805.500000000,7805.750000000,7804.500000000,7805.500000000,39,NQZ9
2019-10-11T05:05:00.000000000Z,33,1,15907,7805.250000000,7806.000000000,7805.250000000,7805.750000000,41,NQZ9
2019-10-11T05:06:00.000000000Z,33,1,15907,7806.000000000,7807.750000000,7806.000000000,7807.250000000,92,NQZ9
2019-10-11T05:07:00.000000000Z,33,1,10204,7825.750000000,7825.750000000,7825.750000000,7825.750000000,1,NQH0
2019-10-11T05:07:00.000000000Z,33,1,15907,7807.500000000,7808.250000000,7807.000000000,7807.750000000,62,NQZ9
2019-10-11T05:08:00.000000000Z,33,1,15907,7808.000000000,7808.500000000,7807.250000000,7808.250000000,32,NQZ9
2019-10-11T05:09:00.000000000Z,33,1,15907,7808.250000000,7813.000000000,7808.250000000,7812.000000000,326,NQZ9
2019-10-11T05:10:00.000000000Z,33,1,15907,7812.500000000,7812.750000000,7810.750000000,7810.750000000,128,NQZ9
2019-10-11T05:11:00.000000000Z,33,1,15907,7811.250000000,7812.250000000,7810.500000000,7811.000000000,59,NQZ9
2019-10-11T05:12:00.000000000Z,33,1,15907,7811.000000000,7811.500000000,7810.500000000,7811.250000000,58,NQZ9
2019-10-11T05:13:00.000000000Z,33,1,15907,7811.750000000,7812.000000000,7810.250000000,7810.250000000,65,NQZ9
2019-10-11T05:14:00.000000000Z,33,1,15907,7810.750000000,7811.000000000,7809.500000000,7810.500000000,79,NQZ9
2019-10-11T05:15:00.000000000Z,33,1,15907,7810.250000000,7811.750000000,7810.250000000,7810.750000000,52,NQZ9
2019-10-11T05:16:00.000000000Z,33,1,15907,7810.750000000,7810.750000000,7809.250000000,7809.250000000,39,NQZ9
2019-10-11T05:17:00.000000000Z,33,1,15907,7809.500000000,7809.750000000,7808.500000000,7809.750000000,45,NQZ9
2019-10-11T05:18:00.000000000Z,33,1,15907,7809.250000000,7809.500000000,7809.000000000,7809.250000000,14,NQZ9
2019-10-11T05:19:00.000000000Z,33,1,15907,7809.000000000,7809.000000000,7807.500000000,7807.500000000,57,NQZ9
2019-10-11T05:20:00.000000000Z,33,1,15907,7808.000000000,7809.000000000,7807.750000000,7808.250000000,73,NQZ9
2019-10-11T05:21:00.000000000Z,33,1,15907,7808.500000000,7809.250000000,7808.500000000,7808.750000000,26,NQZ9
2019-10-11T05:22:00.000000000Z,33,1,15907,7808.500000000,7808.750000000,7804.750000000,7805.250000000,90,NQZ9
2019-10-11T05:23:00.000000000Z,33,1,15907,7805.250000000,7806.500000000,7804.250000000,7806.250000000,79,NQZ9
2019-10-11T05:24:00.000000000Z,33,1,15907,7806.000000000,7807.250000000,7805.500000000,7806.250000000,42,NQZ9
2019-10-11T05:25:00.000000000Z,33,1,15907,7806.000000000,7806.250000000,7803.250000000,7803.750000000,213,NQZ9
2019-10-11T05:26:00.000000000Z,33,1,15907,7803.500000000,7805.750000000,7803.500000000,7804.250000000,43,NQZ9
2019-10-11T05:27:00.000000000Z,33,1,15907,7804.250000000,7805.250000000,7804.250000000,7804.500000000,32,NQZ9
2019-10-11T05:28:00.000000000Z,33,1,15907,7804.750000000,7806.250000000,7804.500000000,7805.500000000,203,NQZ9
2019-10-11T05:29:00.000000000Z,33,1,15907,7805.250000000,7806.500000000,7805.250000000,7806.500000000,102,NQZ9
2019-10-11T05:30:00.000000000Z,33,1,15907,7806.500000000,7807.250000000,7806.250000000,7806.750000000,50,NQZ9
2019-10-11T05:31:00.000000000Z,33,1,15907,7806.750000000,7806.750000000,7805.500000000,7806.500000000,103,NQZ9
2019-10-11T05:32:00.000000000Z,33,1,15907,7806.000000000,7806.000000000,7804.250000000,7804.500000000,90,NQZ9
2019-10-11T05:33:00.000000000Z,33,1,15907,7804.250000000,7805.750000000,7804.000000000,7805.500000000,18,NQZ9
2019-10-11T05:34:00.000000000Z,33,1,15907,7805.750000000,7806.250000000,7803.750000000,7804.750000000,110,NQZ9
2019-10-11T05:35:00.000000000Z,33,1,15907,7804.500000000,7805.250000000,7804.000000000,7805.000000000,45,NQZ9
2019-10-11T05:36:00.000000000Z,33,1,15907,7805.000000000,7805.250000000,7804.500000000,7804.750000000,53,NQZ9
2019-10-11T05:37:00.000000000Z,33,1,15907,7805.000000000,7805.250000000,7804.750000000,7805.000000000,22,NQZ9
2019-10-11T05:38:00.000000000Z,33,1,15907,7805.000000000,7805.250000000,7804.500000000,7804.500000000,32,NQZ9
2019-10-11T05:39:00.000000000Z,33,1,15907,7804.500000000,7805.750000000,7804.500000000,7805.500000000,38,NQZ9
2019-10-11T05:40:00.000000000Z,33,1,10204,7823.000000000,7823.000000000,7823.000000000,7823.000000000,1,NQH0
2019-10-11T05:40:00.000000000Z,33,1,15907,7805.500000000,7806.250000000,7803.500000000,7804.500000000,89,NQZ9
2019-10-11T05:41:00.000000000Z,33,1,15907,7804.750000000,7805.250000000,7804.000000000,7804.750000000,21,NQZ9
2019-10-11T05:42:00.000000000Z,33,1,15907,7805.000000000,7806.000000000,7804.750000000,7805.500000000,41,NQZ9
2019-10-11T05:43:00.000000000Z,33,1,15907,7805.750000000,7806.000000000,7804.000000000,7804.500000000,31,NQZ9
2019-10-11T05:44:00.000000000Z,33,1,15907,7805.000000000,7805.250000000,7803.750000000,7804.000000000,68,NQZ9
2019-10-11T05:45:00.000000000Z,33,1,15907,7804.250000000,7807.500000000,7804.250000000,7806.750000000,79,NQZ9
2019-10-11T05:46:00.000000000Z,33,1,15907,7806.750000000,7807.250000000,7806.500000000,7806.750000000,31,NQZ9
2019-10-11T05:47:00.000000000Z,33,1,15907,7806.750000000,7807.500000000,7806.500000000,7806.750000000,35,NQZ9
2019-10-11T05:48:00.000000000Z,33,1,15907,7807.000000000,7808.250000000,7806.250000000,7808.000000000,56,NQZ9
2019-10-11T05:49:00.000000000Z,33,1,10204,7826.500000000,7826.500000000,7826.500000000,7826.500000000,1,NQH0
2019-10-11T05:49:00.000000000Z,33,1,15907,7807.500000000,7808.000000000,7806.750000000,7807.750000000,35,NQZ9
2019-10-11T05:50:00.000000000Z,33,1,15907,7807.250000000,7807.500000000,7806.000000000,7806.000000000,51,NQZ9
2019-10-11T05:51:00.000000000Z,33,1,15907,7806.000000000,7806.250000000,7802.000000000,7803.000000000,166,NQZ9
2019-10-11T05:52:00.000000000Z,33,1,15907,7803.000000000,7804.250000000,7803.000000000,7804.250000000,45,NQZ9
2019-10-11T05:52:00.000000000Z,33,1,10204,7821.750000000,7821.750000000,7821.750000000,7821.750000000,1,NQH0
2019-10-11T05:53:00.000000000Z,33,1,10204,7821.250000000,7821.250000000,7821.250000000,7821.250000000,2,NQH0
2019-10-11T05:53:00.000000000Z,33,1,15907,7804.500000000,7804.500000000,7803.500000000,7803.500000000,47,NQZ9
2019-10-11T05:54:00.000000000Z,33,1,15907,7803.500000000,7803.750000000,7802.750000000,7802.750000000,43,NQZ9
2019-10-11T05:55:00.000000000Z,33,1,15907,7803.250000000,7805.250000000,7803.250000000,7804.500000000,104,NQZ9
2019-10-11T05:56:00.000000000Z,33,1,15907,7804.750000000,7805.000000000,7803.500000000,7803.500000000,20,NQZ9
2019-10-11T05:57:00.000000000Z,33,1,15907,7803.750000000,7804.250000000,7803.250000000,7803.500000000,32,NQZ9
2019-10-11T05:58:00.000000000Z,33,1,15907,7803.500000000,7803.750000000,7803.500000000,7803.750000000,17,NQZ9
2019-10-11T05:59:00.000000000Z,33,1,15907,7804.000000000,7804.250000000,7801.750000000,7802.750000000,65,NQZ9
2019-10-11T06:00:00.000000000Z,33,1,15907,7802.750000000,7805.750000000,7798.500000000,7800.000000000,283,NQZ9
2019-10-11T06:01:00.000000000Z,33,1,15907,7800.000000000,7801.250000000,7798.750000000,7800.750000000,117,NQZ9
2019-10-11T06:02:00.000000000Z,33,1,15907,7800.500000000,7802.000000000,7800.000000000,7800.750000000,147,NQZ9
2019-10-11T06:03:00.000000000Z,33,1,15907,7800.750000000,7801.750000000,7800.250000000,7801.000000000,73,NQZ9
2019-10-11T06:04:00.000000000Z,33,1,15907,7800.250000000,7800.250000000,7797.500000000,7797.750000000,141,NQZ9
2019-10-11T06:05:00.000000000Z,33,1,15907,7798.000000000,7801.500000000,7797.750000000,7800.250000000,223,NQZ9
2019-10-11T06:06:00.000000000Z,33,1,15907,7800.000000000,7802.000000000,7798.750000000,7798.750000000,167,NQZ9
2019-10-11T06:07:00.000000000Z,33,1,15907,7799.000000000,7801.500000000,7798.500000000,7800.500000000,158,NQZ9
2019-10-11T06:08:00.000000000Z,33,1,15907,7800.250000000,7800.750000000,7799.250000000,7799.750000000,33,NQZ9
2019-10-11T06:09:00.000000000Z,33,1,15907,7799.750000000,7799.750000000,7796.000000000,7796.500000000,127,NQZ9
2019-10-11T06:09:00.000000000Z,33,1,10204,7816.000000000,7816.000000000,7816.000000000,7816.000000000,1,NQH0
2019-10-11T06:10:00.000000000Z,33,1,10204,7816.000000000,7816.250000000,7816.000000000,7816.250000000,2,NQH0
2019-10-11T06:10:00.000000000Z,33,1,15907,7796.500000000,7797.500000000,7794.500000000,7794.500000000,101,NQZ9
2019-10-11T06:10:00.000000000Z,33,1,9346,18.850000000,18.850000000,18.850000000,18.850000000,1,NQZ9-NQH0
2019-10-11T06:11:00.000000000Z,33,1,15907,7794.250000000,7797.000000000,7793.750000000,7796.750000000,83,NQZ9
2019-10-11T06:12:00.000000000Z,33,1,15907,7797.000000000,7798.750000000,7796.000000000,7798.750000000,100,NQZ9
2019-10-11T06:13:00.000000000Z,33,1,15907,7798.500000000,7798.500000000,7797.000000000,7797.750000000,97,NQZ9
2019-10-11T06:14:00.000000000Z,33,1,15907,7797.500000000,7797.750000000,7795.250000000,7796.000000000,93,NQZ9
2019-10-11T06:15:00.000000000Z,33,1,15907,7796.750000000,7798.500000000,7795.500000000,7795.500000000,83,NQZ9
2019-10-11T06:16:00.000000000Z,33,1,10204,7813.750000000,7814.500000000,7813.750000000,7814.500000000,10,NQH0
2019-10-11T06:16:00.000000000Z,33,1,15907,7795.750000000,7795.750000000,7792.500000000,7795.500000000,163,NQZ9
2019-10-11T06:17:00.000000000Z,33,1,15907,7795.250000000,7795.750000000,7794.000000000,7794.750000000,38,NQZ9
2019-10-11T06:18:00.000000000Z,33,1,15907,7794.750000000,7796.000000000,7793.750000000,7795.500000000,69,NQZ9
2019-10-11T06:19:00.000000000Z,33,1,15907,7795.000000000,7795.500000000,7793.500000000,7794.000000000,70,NQZ9
2019-10-11T06:20:00.000000000Z,33,1,15907,7794.500000000,7794.500000000,7792.500000000,7793.250000000,64,NQZ9
2019-10-11T06:21:00.000000000Z,33,1,15907,7793.250000000,7793.750000000,7792.500000000,7793.250000000,56,NQZ9
2019-10-11T06:22:00.000000000Z,33,1,15907,7792.750000000,7793.500000000,7791.250000000,7792.500000000,62,NQZ9
2019-10-11T06:23:00.000000000Z,33,1,10204,7810.000000000,7810.000000000,7809.000000000,7809.000000000,2,NQH0
2019-10-11T06:23:00.000000000Z,33,1,15907,7792.000000000,7793.000000000,7789.500000000,7790.000000000,170,NQZ9
2019-10-11T06:24:00.000000000Z,33,1,15907,7790.500000000,7791.000000000,7788.000000000,7788.250000000,156,NQZ9
2019-10-11T06:25:00.000000000Z,33,1,15907,7788.250000000,7789.250000000,7786.750000000,7787.500000000,207,NQZ9
2019-10-11T06:26:00.000000000Z,33,1,15907,7787.250000000,7790.750000000,7786.000000000,7790.000000000,207,NQZ9
2019-10-11T06:27:00.000000000Z,33,1,15907,7789.750000000,7790.750000000,7789.250000000,7790.250000000,67,NQZ9
2019-10-11T06:28:00.000000000Z,33,1,15907,7790.000000000,7790.000000000,7788.500000000,7789.750000000,47,NQZ9
2019-10-11T06:29:00.000000000Z,33,1,15907,7790.500000000,7793.000000000,7790.500000000,7792.500000000,128,NQZ9
2019-10-11T06:30:00.000000000Z,33,1,15907,7792.750000000,7794.000000000,7792.500000000,7793.000000000,102,NQZ9
2019-10-11T06:31:00.000000000Z,33,1,15907,7793.000000000,7793.500000000,7792.250000000,7792.500000000,77,NQZ9
2019-10-11T06:32:00.000000000Z,33,1,15907,7792.250000000,7793.500000000,7791.500000000,7793.000000000,52,NQZ9
2019-10-11T06:33:00.000000000Z,33,1,15907,7793.000000000,7793.000000000,7791.750000000,7792.750000000,36,NQZ9
2019-10-11T06:34:00.000000000Z,33,1,15907,7793.000000000,7795.500000000,7793.000000000,7794.750000000,110,NQZ9
2019-10-11T06:35:00.000000000Z,33,1,15907,7794.750000000,7795.750000000,7794.000000000,7795.500000000,93,NQZ9
2019-10-11T06:36:00.000000000Z,33,1,15907,7795.000000000,7796.000000000,7795.000000000,7795.750000000,48,NQZ9
2019-10-11T06:37:00.000000000Z,33,1,15907,7796.000000000,7797.500000000,7795.500000000,7796.750000000,59,NQZ9
2019-10-11T06:37:00.000000000Z,33,1,10204,7815.000000000,7815.000000000,7815.000000000,7815.000000000,1,NQH0
2019-10-11T06:38:00.000000000Z,33,1,15907,7797.000000000,7799.500000000,7797.000000000,7798.000000000,150,NQZ9
2019-10-11T06:38:00.000000000Z,33,1,10204,7818.750000000,7818.750000000,7818.750000000,7818.750000000,1,NQH0
2019-10-11T06:39:00.000000000Z,33,1,10204,7813.750000000,7813.750000000,7813.750000000,7813.750000000,1,NQH0
2019-10-11T06:39:00.000000000Z,33,1,15907,7798.000000000,7798.250000000,7795.750000000,7796.250000000,121,NQZ9
2019-10-11T06:40:00.000000000Z,33,1,15907,7796.000000000,7797.750000000,7796.000000000,7797.750000000,61,NQZ9
2019-10-11T06:41:00.000000000Z,33,1,15907,7797.000000000,7797.000000000,7794.500000000,7795.500000000,69,NQZ9
2019-10-11T06:42:00.000000000Z,33,1,15907,7795.750000000,7796.750000000,7795.500000000,7796.500000000,43,NQZ9
2019-10-11T06:43:00.000000000Z,33,1,15907,7796.500000000,7797.000000000,7795.750000000,7797.000000000,22,NQZ9
2019-10-11T06:44:00.000000000Z,33,1,15907,7797.250000000,7798.750000000,7797.000000000,7798.250000000,59,NQZ9
2019-10-11T06:45:00.000000000Z,33,1,15907,7798.000000000,7800.500000000,7797.750000000,7799.250000000,76,NQZ9
2019-10-11T06:46:00.000000000Z,33,1,15907,7799.250000000,7800.500000000,7798.250000000,7799.250000000,126,NQZ9
2019-10-11T06:47:00.000000000Z,33,1,15907,7799.500000000,7799.750000000,7797.000000000,7797.250000000,85,NQZ9
2019-10-11T06:48:00.000000000Z,33,1,15907,7797.500000000,7799.000000000,7796.000000000,7796.750000000,148,NQZ9
2019-10-11T06:49:00.000000000Z,33,1,15907,7796.750000000,7796.750000000,7793.250000000,7794.750000000,103,NQZ9
2019-10-11T06:50:00.000000000Z,33,1,15907,7794.750000000,7797.000000000,7794.500000000,7794.750000000,137,NQZ9
2019-10-11T06:51:00.000000000Z,33,1,15907,7794.750000000,7795.750000000,7794.750000000,7795.250000000,34,NQZ9
2019-10-11T06:52:00.000000000Z,33,1,15907,7795.500000000,7797.750000000,7795.500000000,7797.250000000,53,NQZ9
2019-10-11T06:53:00.000000000Z,33,1,15907,7796.750000000,7798.500000000,7796.750000000,7798.250000000,56,NQZ9
2019-10-11T06:54:00.000000000Z,33,1,15907,7798.250000000,7799.750000000,7797.750000000,7799.250000000,51,NQZ9
2019-10-11T06:55:00.000000000Z,33,1,15907,7799.000000000,7799.000000000,7797.000000000,7797.500000000,61,NQZ9
2019-10-11T06:56:00.000000000Z,33,1,15907,7797.000000000,7798.000000000,7797.000000000,7798.000000000,43,NQZ9
2019-10-11T06:57:00.000000000Z,33,1,15907,7798.000000000,7798.500000000,7796.750000000,7797.750000000,37,NQZ9
2019-10-11T06:58:00.000000000Z,33,1,15907,7797.750000000,7798.750000000,7797.750000000,7798.500000000,43,NQZ9
2019-10-11T06:59:00.000000000Z,33,1,15907,7798.750000000,7803.750000000,7797.750000000,7803.750000000,210,NQZ9
2019-10-11T07:00:00.000000000Z,33,1,15907,7803.500000000,7803.750000000,7793.500000000,7797.250000000,435,NQZ9
2019-10-11T07:01:00.000000000Z,33,1,15907,7797.250000000,7798.000000000,7794.750000000,7795.000000000,214,NQZ9
2019-10-11T07:02:00.000000000Z,33,1,15907,7795.000000000,7798.750000000,7793.000000000,7798.500000000,206,NQZ9
2019-10-11T07:03:00.000000000Z,33,1,15907,7799.000000000,7800.750000000,7797.750000000,7799.500000000,165,NQZ9
2019-10-11T07:04:00.000000000Z,33,1,15907,7799.500000000,7802.500000000,7796.500000000,7797.000000000,219,NQZ9
2019-10-11T07:05:00.000000000Z,33,1,15907,7796.750000000,7798.750000000,7794.250000000,7795.500000000,225,NQZ9
2019-10-11T07:06:00.000000000Z,33,1,15907,7796.000000000,7800.250000000,7794.000000000,7800.000000000,222,NQZ9
2019-10-11T07:07:00.000000000Z,33,1,10204,7824.750000000,7825.500000000,7824.500000000,7824.500000000,6,NQH0
2019-10-11T07:07:00.000000000Z,33,1,9346,18.900000000,18.900000000,18.900000000,18.900000000,2,NQZ9-NQH0
2019-10-11T07:07:00.000000000Z,33,1,15907,7799.750000000,7808.500000000,7799.000000000,7806.750000000,542,NQZ9
2019-10-11T07:08:00.000000000Z,33,1,15907,7806.500000000,7807.500000000,7803.750000000,7805.750000000,269,NQZ9
2019-10-11T07:09:00.000000000Z,33,1,15907,7805.750000000,7807.250000000,7804.000000000,7804.750000000,261,NQZ9
2019-10-11T07:10:00.000000000Z,33,1,15907,7805.000000000,7808.250000000,7804.250000000,7805.750000000,249,NQZ9
2019-10-11T07:10:00.000000000Z,33,1,9346,18.400000000,18.400000000,18.400000000,18.400000000,1,NQZ9-NQH0
2019-10-11T07:10:00.000000000Z,33,1,10204,7826.000000000,7826.000000000,7826.000000000,7826.000000000,1,NQH0
2019-10-11T07:11:00.000000000Z,33,1,15907,7806.000000000,7809.000000000,7805.000000000,7808.250000000,221,NQZ9
2019-10-11T07:12:00.000000000Z,33,1,15907,7808.500000000,7810.750000000,7806.750000000,7808.250000000,424,NQZ9
2019-10-11T07:13:00.000000000Z,33,1,15907,7808.250000000,7809.500000000,7805.500000000,7805.750000000,243,NQZ9
2019-10-11T07:14:00.000000000Z,33,1,15907,7806.250000000,7806.750000000,7802.750000000,7803.250000000,215,NQZ9
2019-10-11T07:15:00.000000000Z,33,1,10204,7822.000000000,7822.000000000,7822.000000000,7822.000000000,1,NQH0
2019-10-11T07:15:00.000000000Z,33,1,15907,7803.000000000,7804.750000000,7800.250000000,7801.500000000,245,NQZ9
2019-10-11T07:16:00.000000000Z,33,1,15907,7802.250000000,7804.500000000,7800.750000000,7804.500000000,169,NQZ9
2019-10-11T07:17:00.000000000Z,33,1,15907,7804.250000000,7804.500000000,7800.250000000,7801.500000000,217,NQZ9
2019-10-11T07:18:00.000000000Z,33,1,15907,7801.000000000,7802.750000000,7799.250000000,7799.750000000,207,NQZ9
2019-10-11T07:19:00.000000000Z,33,1,15907,7799.250000000,7801.750000000,7799.000000000,7800.250000000,194,NQZ9
2019-10-11T07:20:00.000000000Z,33,1,15907,7800.000000000,7801.500000000,7798.750000000,7799.000000000,223,NQZ9
2019-10-11T07:21:00.000000000Z,33,1,15907,7798.500000000,7801.250000000,7798.000000000,7800.250000000,106,NQZ9
2019-10-11T07:22:00.000000000Z,33,1,15907,7800.500000000,7801.500000000,7799.000000000,7799.750000000,131,NQZ9
2019-10-11T07:23:00.000000000Z,33,1,15907,7799.500000000,7802.000000000,7798.750000000,7801.250000000,152,NQZ9
2019-10-11T07:24:00.000000000Z,33,1,15907,7801.250000000,7803.750000000,7800.750000000,7803.000000000,140,NQZ9
2019-10-11T07:25:00.000000000Z,33,1,15907,7802.750000000,7803.000000000,7800.750000000,7802.500000000,136,NQZ9
2019-10-11T07:26:00.000000000Z,33,1,15907,7802.250000000,7802.500000000,7799.750000000,7800.250000000,119,NQZ9
2019-10-11T07:26:00.000000000Z,33,1,10204,7819.000000000,7819.000000000,7819.000000000,7819.000000000,2,NQH0
2019-10-11T07:27:00.000000000Z,33,1,15907,7800.000000000,7805.500000000,7798.250000000,7805.000000000,350,NQZ9
2019-10-11T07:28:00.000000000Z,33,1,15907,7805.250000000,7807.750000000,7803.750000000,7807.250000000,253,NQZ9
2019-10-11T07:29:00.000000000Z,33,1,10204,7827.000000000,7827.000000000,7827.000000000,7827.000000000,1,NQH0
2019-10-11T07:29:00.000000000Z,33,1,15907,7807.250000000,7809.750000000,7807.000000000,7808.250000000,273,NQZ9
2019-10-11T07:30:00.000000000Z,33,1,15907,7808.500000000,7809.750000000,7807.500000000,7809.250000000,214,NQZ9
2019-10-11T07:31:00.000000000Z,33,1,10204,7829.000000000,7829.000000000,7829.000000000,7829.000000000,2,NQH0
2019-10-11T07:31:00.000000000Z,33,1,9346,17.850000000,17.850000000,17.850000000,17.850000000,1,NQZ9-NQH0
2019-10-11T07:31:00.000000000Z,33,1,15907,7809.500000000,7811.750000000,7809.000000000,7810.500000000,371,NQZ9
2019-10-11T07:32:00.000000000Z,33,1,15907,7810.500000000,7811.250000000,7809.250000000,7809.250000000,113,NQZ9
2019-10-11T07:32:00.000000000Z,33,1,10204,7826.750000000,7826.750000000,7826.750000000,7826.750000000,1,NQH0
2019-10-11T07:33:00.000000000Z,33,1,15907,7809.500000000,7810.000000000,7807.750000000,7810.000000000,129,NQZ9
2019-10-11T07:34:00.000000000Z,33,1,15907,7809.750000000,7811.250000000,7809.250000000,7809.750000000,253,NQZ9
2019-10-11T07:35:00.000000000Z,33,1,15907,7810.000000000,7810.000000000,7806.750000000,7807.750000000,139,NQZ9
2019-10-11T07:36:00.000000000Z,33,1,15907,7807.750000000,7809.750000000,7807.000000000,7807.750000000,98,NQZ9
2019-10-11T07:37:00.000000000Z,33,1,15907,7808.250000000,7809.750000000,7807.000000000,7809.000000000,104,NQZ9
2019-10-11T07:38:00.000000000Z,33,1,15907,7809.250000000,7810.250000000,7807.250000000,7807.250000000,70,NQZ9
2019-10-11T07:39:00.000000000Z,33,1,15907,7807.500000000,7808.250000000,7802.750000000,7804.000000000,213,NQZ9
2019-10-11T07:40:00.000000000Z,33,1,15907,7804.000000000,7807.000000000,7803.000000000,7804.750000000,258,NQZ9
2019-10-11T07:41:00.000000000Z,33,1,15907,7804.500000000,7804.750000000,7801.500000000,7802.250000000,185,NQZ9
2019-10-11T07:42:00.000000000Z,33,1,15907,7802.250000000,7804.000000000,7801.750000000,7802.000000000,173,NQZ9
2019-10-11T07:43:00.000000000Z,33,1,10204,7819.750000000,7819.750000000,7819.750000000,7819.750000000,2,NQH0
2019-10-11T07:43:00.000000000Z,33,1,15907,7802.250000000,7802.250000000,7799.000000000,7799.750000000,253,NQZ9
2019-10-11T07:44:00.000000000Z,33,1,15907,7800.250000000,7802.000000000,7800.000000000,7802.000000000,157,NQZ9
2019-10-11T07:45:00.000000000Z,33,1,15907,7801.500000000,7804.000000000,7801.500000000,7803.000000000,143,NQZ9
2019-10-11T07:46:00.000000000Z,33,1,15907,7803.500000000,7804.250000000,7802.500000000,7803.750000000,96,NQZ9
2019-10-11T07:47:00.000000000Z,33,1,15907,7803.250000000,7803.250000000,7802.000000000,7802.250000000,60,NQZ9
2019-10-11T07:48:00.000000000Z,33,1,15907,7802.000000000,7803.750000000,7802.000000000,7802.750000000,42,NQZ9
2019-10-11T07:49:00.000000000Z,33,1,15907,7803.000000000,7805.000000000,7803.000000000,7803.250000000,93,NQZ9
2019-10-11T07:50:00.000000000Z,33,1,15907,7803.250000000,7808.250000000,7802.000000000,7805.000000000,290,NQZ9
2019-10-11T07:51:00.000000000Z,33,1,15907,7805.250000000,7806.750000000,7803.000000000,7806.250000000,100,NQZ9
2019-10-11T07:52:00.000000000Z,33,1,15907,7806.250000000,7806.750000000,7805.000000000,7805.750000000,167,NQZ9
2019-10-11T07:53:00.000000000Z,33,1,15907,7805.500000000,7806.750000000,7803.500000000,7805.000000000,79,NQZ9
2019-10-11T07:54:00.000000000Z,33,1,15907,7805.250000000,7806.750000000,7804.500000000,7805.500000000,92,NQZ9
2019-10-11T07:55:00.000000000Z,33,1,15907,7805.500000000,7806.000000000,7805.250000000,7805.500000000,50,NQZ9
2019-10-11T07:56:00.000000000Z,33,1,15907,7805.250000000,7808.750000000,7805.000000000,7807.500000000,185,NQZ9
2019-10-11T07:57:00.000000000Z,33,1,15907,7807.250000000,7809.000000000,7806.250000000,7806.250000000,97,NQZ9
2019-10-11T07:58:00.000000000Z,33,1,15907,7806.750000000,7808.750000000,7805.750000000,7807.750000000,97,NQZ9
2019-10-11T07:59:00.000000000Z,33,1,15907,7807.500000000,7807.750000000,7806.500000000,7807.000000000,95,NQZ9
2019-10-11T08:00:00.000000000Z,33,1,15907,7807.250000000,7808.250000000,7806.750000000,7807.250000000,76,NQZ9
2019-10-11T08:01:00.000000000Z,33,1,15907,7807.000000000,7808.000000000,7806.750000000,7807.000000000,62,NQZ9
2019-10-11T08:02:00.000000000Z,33,1,15907,7807.250000000,7810.750000000,7807.000000000,7810.250000000,245,NQZ9
2019-10-11T08:03:00.000000000Z,33,1,15907,7810.250000000,7812.250000000,7808.750000000,7809.000000000,290,NQZ9
2019-10-11T08:04:00.000000000Z,33,1,15907,7808.750000000,7809.250000000,7807.500000000,7809.250000000,145,NQZ9
2019-10-11T08:05:00.000000000Z,33,1,15907,7809.250000000,7809.750000000,7808.000000000,7809.000000000,81,NQZ9
2019-10-11T08:06:00.000000000Z,33,1,15907,7808.500000000,7810.250000000,7808.500000000,7809.250000000,93,NQZ9
2019-10-11T08:07:00.000000000Z,33,1,15907,7809.500000000,7809.500000000,7807.250000000,7807.750000000,106,NQZ9
2019-10-11T08:08:00.000000000Z,33,1,15907,7808.000000000,7810.000000000,7807.750000000,7809.000000000,71,NQZ9
2019-10-11T08:09:00.000000000Z,33,1,15907,7809.250000000,7810.500000000,7808.750000000,7809.000000000,66,NQZ9
2019-10-11T08:10:00.000000000Z,33,1,10204,7837.000000000,7837.000000000,7837.000000000,7837.000000000,2,NQH0
2019-10-11T08:10:00.000000000Z,33,1,15907,7809.500000000,7824.750000000,7808.750000000,7820.000000000,1716,NQZ9
2019-10-11T08:11:00.000000000Z,33,1,15907,7820.000000000,7821.000000000,7819.000000000,7820.500000000,316,NQZ9
2019-10-11T08:12:00.000000000Z,33,1,15907,7820.500000000,7820.500000000,7817.500000000,7818.750000000,179,NQZ9
2019-10-11T08:13:00.000000000Z,33,1,15907,7818.500000000,7818.750000000,7817.250000000,7817.750000000,120,NQZ9
2019-10-11T08:14:00.000000000Z,33,1,15907,7818.250000000,7820.000000000,7818.250000000,7819.250000000,165,NQZ9
2019-10-11T08:15:00.000000000Z,33,1,15907,7819.500000000,7822.000000000,7816.500000000,7817.250000000,388,NQZ9
2019-10-11T08:16:00.000000000Z,33,1,15907,7817.500000000,7819.000000000,7816.750000000,7819.000000000,171,NQZ9
2019-10-11T08:17:00.000000000Z,33,1,15907,7819.000000000,7820.250000000,7818.250000000,7820.250000000,133,NQZ9
2019-10-11T08:18:00.000000000Z,33,1,15907,7820.500000000,7821.250000000,7818.750000000,7820.500000000,145,NQZ9
2019-10-11T08:19:00.000000000Z,33,1,10204,7837.750000000,7837.750000000,7837.750000000,7837.750000000,1,NQH0
2019-10-11T08:19:00.000000000Z,33,1,15907,7820.250000000,7822.250000000,7820.000000000,7822.250000000,93,NQZ9
2019-10-11T08:20:00.000000000Z,33,1,15907,7822.250000000,7822.500000000,7819.500000000,7820.250000000,147,NQZ9
2019-10-11T08:21:00.000000000Z,33,1,15907,7820.500000000,7822.500000000,7819.250000000,7820.500000000,261,NQZ9
2019-10-11T08:22:00.000000000Z,33,1,15907,7820.750000000,7821.750000000,7819.750000000,7821.250000000,75,NQZ9
2019-10-11T08:23:00.000000000Z,33,1,15907,7821.250000000,7821.500000000,7819.750000000,7821.000000000,121,NQZ9
2019-10-11T08:24:00.000000000Z,33,1,15907,7821.000000000,7823.750000000,7820.000000000,7821.750000000,203,NQZ9
2019-10-11T08:24:00.000000000Z,33,1,9346,18.550000000,18.550000000,18.550000000,18.550000000,1,NQZ9-NQH0
2019-10-11T08:24:00.000000000Z,33,1,10204,7839.000000000,7839.000000000,7839.000000000,7839.000000000,1,NQH0
2019-10-11T08:25:00.000000000Z,33,1,15907,7822.000000000,7822.000000000,7820.000000000,7821.000000000,156,NQZ9
2019-10-11T08:26:00.000000000Z,33,1,15907,7820.500000000,7821.250000000,7820.000000000,7820.750000000,77,NQZ9
2019-10-11T08:27:00.000000000Z,33,1,10204,7840.000000000,7840.000000000,7840.000000000,7840.000000000,1,NQH0
2019-10-11T08:27:00.000000000Z,33,1,15907,7821.000000000,7822.500000000,7821.000000000,7822.250000000,99,NQZ9
2019-10-11T08:28:00.000000000Z,33,1,15907,7822.500000000,7828.250000000,7822.000000000,7827.500000000,438,NQZ9
2019-10-11T08:29:00.000000000Z,33,1,15907,7827.250000000,7832.750000000,7827.000000000,7830.250000000,772,NQZ9
2019-10-11T08:30:00.000000000Z,33,1,9346,17.900000000,17.900000000,17.900000000,17.900000000,1,NQZ9-NQH0
2019-10-11T08:30:00.000000000Z,33,1,10204,7850.000000000,7850.000000000,7850.000000000,7850.000000000,2,NQH0
2019-10-11T08:30:00.000000000Z,33,1,15907,7830.000000000,7832.500000000,7829.500000000,7831.750000000,295,NQZ9
2019-10-11T08:31:00.000000000Z,33,1,15907,7831.750000000,7834.500000000,7831.250000000,7834.000000000,460,NQZ9
2019-10-11T08:32:00.000000000Z,33,1,15907,7834.000000000,7835.750000000,7832.750000000,7834.250000000,537,NQZ9
2019-10-11T08:33:00.000000000Z,33,1,15907,7834.000000000,7836.250000000,7832.500000000,7835.000000000,279,NQZ9
2019-10-11T08:34:00.000000000Z,33,1,10204,7855.500000000,7855.500000000,7855.500000000,7855.500000000,3,NQH0
2019-10-11T08:34:00.000000000Z,33,1,15907,7834.750000000,7838.750000000,7833.750000000,7835.500000000,543,NQZ9
2019-10-11T08:35:00.000000000Z,33,1,15907,7835.250000000,7837.000000000,7833.250000000,7833.250000000,160,NQZ9
2019-10-11T08:36:00.000000000Z,33,1,15907,7833.250000000,7835.000000000,7833.250000000,7834.500000000,298,NQZ9
2019-10-11T08:37:00.000000000Z,33,1,10204,7854.000000000,7854.000000000,7854.000000000,7854.000000000,1,NQH0
2019-10-11T08:37:00.000000000Z,33,1,15907,7834.500000000,7835.500000000,7833.000000000,7834.000000000,262,NQZ9
2019-10-11T08:38:00.000000000Z,33,1,15907,7834.750000000,7835.000000000,7833.250000000,7834.000000000,97,NQZ9
2019-10-11T08:39:00.000000000Z,33,1,15907,7834.250000000,7835.250000000,7833.250000000,7835.000000000,77,NQZ9
2019-10-11T08:40:00.000000000Z,33,1,15907,7834.750000000,7836.500000000,7833.750000000,7835.000000000,147,NQZ9
2019-10-11T08:41:00.000000000Z,33,1,15907,7835.000000000,7836.000000000,7834.500000000,7834.500000000,137,NQZ9
2019-10-11T08:42:00.000000000Z,33,1,15907,7834.500000000,7835.750000000,7833.750000000,7834.500000000,183,NQZ9
2019-10-11T08:43:00.000000000Z,33,1,15907,7834.750000000,7836.000000000,7834.000000000,7835.250000000,97,NQZ9
2019-10-11T08:44:00.000000000Z,33,1,15907,7835.000000000,7837.250000000,7831.250000000,7832.000000000,572,NQZ9
2019-10-11T08:45:00.000000000Z,33,1,15907,7832.000000000,7832.750000000,7829.000000000,7832.000000000,634,NQZ9
2019-10-11T08:46:00.000000000Z,33,1,15907,7831.750000000,7836.250000000,7831.750000000,7834.250000000,223,NQZ9
2019-10-11T08:47:00.000000000Z,33,1,15907,7834.250000000,7835.750000000,7833.750000000,7834.500000000,113,NQZ9
2019-10-11T08:48:00.000000000Z,33,1,15907,7834.750000000,7837.500000000,7834.500000000,7837.000000000,135,NQZ9
2019-10-11T08:49:00.000000000Z,33,1,15907,7837.000000000,7838.250000000,7836.250000000,7837.000000000,182,NQZ9
2019-10-11T08:50:00.000000000Z,33,1,15907,7837.250000000,7838.250000000,7836.250000000,7837.250000000,86,NQZ9
2019-10-11T08:51:00.000000000Z,33,1,15907,7837.500000000,7839.250000000,7836.500000000,7836.500000000,155,NQZ9
2019-10-11T08:52:00.000000000Z,33,1,15907,7836.500000000,7843.250000000,7836.250000000,7840.750000000,467,NQZ9
2019-10-11T08:53:00.000000000Z,33,1,15907,7840.750000000,7843.750000000,7840.500000000,7841.000000000,435,NQZ9
2019-10-11T08:54:00.000000000Z,33,1,15907,7841.250000000,7841.500000000,7838.250000000,7839.750000000,242,NQZ9
2019-10-11T08:55:00.000000000Z,33,1,15907,7839.500000000,7840.750000000,7838.750000000,7839.500000000,137,NQZ9
2019-10-11T08:56:00.000000000Z,33,1,15907,7839.250000000,7842.000000000,7839.250000000,7841.500000000,272,NQZ9
2019-10-11T08:57:00.000000000Z,33,1,10204,7858.000000000,7858.000000000,7858.000000000,7858.000000000,1,NQH0
2019-10-11T08:57:00.000000000Z,33,1,15907,7841.750000000,7841.750000000,7839.250000000,7839.500000000,125,NQZ9
2019-10-11T08:58:00.000000000Z,33,1,15907,7839.500000000,7844.500000000,7839.500000000,7843.250000000,213,NQZ9
2019-10-11T08:59:00.000000000Z,33,1,15907,7843.000000000,7843.250000000,7841.500000000,7843.000000000,158,NQZ9
2019-10-11T09:00:00.000000000Z,33,1,15907,7843.000000000,7843.000000000,7841.250000000,7842.250000000,117,NQZ9
2019-10-11T09:01:00.000000000Z,33,1,9346,17.950000000,17.950000000,17.950000000,17.950000000,1,NQZ9-NQH0
2019-10-11T09:01:00.000000000Z,33,1,10204,7861.000000000,7861.000000000,7861.000000000,7861.000000000,1,NQH0
2019-10-11T09:01:00.000000000Z,33,1,15907,7842.500000000,7844.250000000,7842.500000000,7843.000000000,126,NQZ9
2019-10-11T09:02:00.000000000Z,33,1,15907,7842.750000000,7846.750000000,7842.750000000,7845.000000000,346,NQZ9
2019-10-11T09:03:00.000000000Z,33,1,15907,7844.750000000,7846.750000000,7843.750000000,7845.500000000,273,NQZ9
2019-10-11T09:04:00.000000000Z,33,1,15907,7845.500000000,7852.000000000,7845.500000000,7850.000000000,725,NQZ9
2019-10-11T09:05:00.000000000Z,33,1,15907,7849.750000000,7850.250000000,7846.500000000,7846.750000000,412,NQZ9
2019-10-11T09:06:00.000000000Z,33,1,15907,7846.500000000,7846.750000000,7844.250000000,7844.250000000,200,NQZ9
2019-10-11T09:07:00.000000000Z,33,1,15907,7844.750000000,7846.000000000,7844.250000000,7845.750000000,230,NQZ9
2019-10-11T09:08:00.000000000Z,33,1,15907,7846.000000000,7850.000000000,7846.000000000,7848.750000000,263,NQZ9
2019-10-11T09:09:00.000000000Z,33,1,15907,7848.750000000,7850.000000000,7846.750000000,7847.500000000,198,NQZ9
2019-10-11T09:10:00.000000000Z,33,1,15907,7846.750000000,7847.750000000,7846.750000000,7847.000000000,92,NQZ9
2019-10-11T09:11:00.000000000Z,33,1,15907,7846.750000000,7848.250000000,7845.750000000,7847.750000000,112,NQZ9
2019-10-11T09:12:00.000000000Z,33,1,10204,7865.500000000,7865.500000000,7865.500000000,7865.500000000,1,NQH0
2019-10-11T09:12:00.000000000Z,33,1,15907,7847.750000000,7849.000000000,7847.000000000,7848.250000000,156,NQZ9
2019-10-11T09:13:00.000000000Z,33,1,15907,7847.750000000,7848.750000000,7847.000000000,7847.750000000,112,NQZ9
2019-10-11T09:14:00.000000000Z,33,1,15907,7847.500000000,7848.750000000,7847.250000000,7847.500000000,124,NQZ9
2019-10-11T09:15:00.000000000Z,33,1,15907,7847.750000000,7848.500000000,7846.250000000,7846.250000000,147,NQZ9
2019-10-11T09:16:00.000000000Z,33,1,15907,7846.500000000,7847.250000000,7844.250000000,7844.500000000,166,NQZ9
2019-10-11T09:17:00.000000000Z,33,1,15907,7844.750000000,7845.500000000,7844.000000000,7845.000000000,117,NQZ9
2019-10-11T09:18:00.000000000Z,33,1,15907,7845.500000000,7845.750000000,7844.750000000,7845.500000000,67,NQZ9
2019-10-11T09:18:00.000000000Z,33,1,10204,7862.000000000,7862.000000000,7861.250000000,7861.250000000,10,NQH0
2019-10-11T09:19:00.000000000Z,33,1,15907,7845.500000000,7847.750000000,7845.500000000,7847.500000000,92,NQZ9
2019-10-11T09:20:00.000000000Z,33,1,15907,7846.750000000,7847.250000000,7845.750000000,7846.750000000,76,NQZ9
2019-10-11T09:21:00.000000000Z,33,1,15907,7846.750000000,7848.000000000,7845.750000000,7847.250000000,121,NQZ9
2019-10-11T09:22:00.000000000Z,33,1,15907,7847.750000000,7848.250000000,7847.000000000,7848.000000000,71,NQZ9
2019-10-11T09:23:00.000000000Z,33,1,15907,7848.000000000,7848.000000000,7846.500000000,7847.000000000,114,NQZ9
2019-10-11T09:24:00.000000000Z,33,1,15907,7846.750000000,7846.750000000,7845.000000000,7846.500000000,173,NQZ9
2019-10-11T09:25:00.000000000Z,33,1,15907,7846.500000000,7848.250000000,7846.500000000,7846.750000000,73,NQZ9
2019-10-11T09:26:00.000000000Z,33,1,15907,7846.750000000,7847.250000000,7845.500000000,7846.250000000,67,NQZ9
2019-10-11T09:27:00.000000000Z,33,1,15907,7846.250000000,7847.250000000,7846.000000000,7846.250000000,66,NQZ9
2019-10-11T09:28:00.000000000Z,33,1,15907,7846.250000000,7846.750000000,7844.750000000,7846.250000000,146,NQZ9
2019-10-11T09:29:00.000000000Z,33,1,15907,7846.250000000,7846.500000000,7845.250000000,7846.000000000,60,NQZ9
2019-10-11T09:30:00.000000000Z,33,1,15907,7846.000000000,7847.000000000,7845.500000000,7845.750000000,112,NQZ9
2019-10-11T09:31:00.000000000Z,33,1,15907,7846.250000000,7847.000000000,7845.250000000,7845.500000000,93,NQZ9
2019-10-11T09:32:00.000000000Z,33,1,15907,7845.250000000,7845.250000000,7843.250000000,7845.250000000,181,NQZ9
2019-10-11T09:33:00.000000000Z,33,1,15907,7845.250000000,7845.500000000,7844.500000000,7845.500000000,106,NQZ9
2019-10-11T09:34:00.000000000Z,33,1,15907,7845.250000000,7846.500000000,7844.750000000,7846.000000000,63,NQZ9
2019-10-11T09:35:00.000000000Z,33,1,15907,7846.250000000,7846.500000000,7845.000000000,7846.250000000,54,NQZ9
2019-10-11T09:36:00.000000000Z,33,1,15907,7846.250000000,7846.500000000,7845.750000000,7846.000000000,35,NQZ9
2019-10-11T09:37:00.000000000Z,33,1,15907,7846.000000000,7847.250000000,7845.250000000,7847.250000000,68,NQZ9
2019-10-11T09:38:00.000000000Z,33,1,15907,7847.250000000,7849.250000000,7846.250000000,7849.000000000,106,NQZ9
2019-10-11T09:39:00.000000000Z,33,1,15907,7849.000000000,7850.500000000,7848.750000000,7848.750000000,156,NQZ9
2019-10-11T09:40:00.000000000Z,33,1,15907,7848.750000000,7850.500000000,7848.750000000,7849.750000000,170,NQZ9
2019-10-11T09:41:00.000000000Z,33,1,15907,7850.000000000,7859.500000000,7849.500000000,7855.500000000,690,NQZ9
2019-10-11T09:42:00.000000000Z,33,1,15907,7855.250000000,7855.250000000,7851.000000000,7853.750000000,477,NQZ9
2019-10-11T09:42:00.000000000Z,33,1,10204,7871.250000000,7871.250000000,7871.250000000,7871.250000000,3,NQH0
2019-10-11T09:43:00.000000000Z,33,1,15907,7853.750000000,7855.250000000,7853.250000000,7854.000000000,154,NQZ9
2019-10-11T09:44:00.000000000Z,33,1,15907,7853.750000000,7854.000000000,7851.750000000,7853.250000000,135,NQZ9
2019-10-11T09:45:00.000000000Z,33,1,15907,7853.250000000,7856.250000000,7852.750000000,7853.500000000,310,NQZ9
2019-10-11T09:46:00.000000000Z,33,1,15907,7853.750000000,7854.250000000,7852.500000000,7853.750000000,104,NQZ9
2019-10-11T09:47:00.000000000Z,33,1,15907,7853.250000000,7853.500000000,7852.000000000,7852.250000000,129,NQZ9
2019-10-11T09:48:00.000000000Z,33,1,15907,7852.250000000,7852.750000000,7851.500000000,7852.750000000,104,NQZ9
2019-10-11T09:49:00.000000000Z,33,1,15907,7852.750000000,7852.750000000,7850.750000000,7850.750000000,210,NQZ9
2019-10-11T09:50:00.000000000Z,33,1,15907,7850.500000000,7850.500000000,7848.500000000,7849.750000000,247,NQZ9
2019-10-11T09:51:00.000000000Z,33,1,15907,7850.000000000,7850.500000000,7848.750000000,7849.750000000,133,NQZ9
2019-10-11T09:52:00.000000000Z,33,1,15907,7849.750000000,7850.500000000,7849.250000000,7850.500000000,90,NQZ9
2019-10-11T09:53:00.000000000Z,33,1,15907,7850.500000000,7850.750000000,7849.000000000,7849.000000000,48,NQZ9
2019-10-11T09:54:00.000000000Z,33,1,15907,7849.000000000,7849.500000000,7848.500000000,7848.500000000,43,NQZ9
2019-10-11T09:55:00.000000000Z,33,1,15907,7848.750000000,7849.750000000,7848.250000000,7848.750000000,132,NQZ9
2019-10-11T09:56:00.000000000Z,33,1,15907,7848.750000000,7849.000000000,7846.250000000,7847.250000000,183,NQZ9
2019-10-11T09:57:00.000000000Z,33,1,15907,7847.000000000,7848.000000000,7846.000000000,7846.250000000,144,NQZ9
2019-10-11T09:58:00.000000000Z,33,1,15907,7845.750000000,7846.250000000,7844.750000000,7845.000000000,83,NQZ9
2019-10-11T09:59:00.000000000Z,33,1,15907,7845.250000000,7845.750000000,7844.250000000,7844.750000000,96,NQZ9
2019-10-11T10:00:00.000000000Z,33,1,15907,7844.500000000,7847.250000000,7844.250000000,7846.000000000,150,NQZ9
2019-10-11T10:01:00.000000000Z,33,1,15907,7846.000000000,7848.250000000,7846.000000000,7847.500000000,82,NQZ9
2019-10-11T10:02:00.000000000Z,33,1,15907,7847.500000000,7848.750000000,7846.750000000,7846.750000000,88,NQZ9
2019-10-11T10:03:00.000000000Z,33,1,15907,7847.250000000,7848.500000000,7847.250000000,7847.750000000,121,NQZ9
2019-10-11T10:04:00.000000000Z,33,1,15907,7847.750000000,7850.000000000,7847.000000000,7849.750000000,132,NQZ9
2019-10-11T10:05:00.000000000Z,33,1,15907,7850.000000000,7850.250000000,7848.750000000,7849.500000000,172,NQZ9
2019-10-11T10:06:00.000000000Z,33,1,15907,7849.500000000,7849.750000000,7848.250000000,7849.000000000,65,NQZ9
2019-10-11T10:07:00.000000000Z,33,1,15907,7848.750000000,7849.250000000,7847.750000000,7848.500000000,100,NQZ9
2019-10-11T10:08:00.000000000Z,33,1,15907,7849.000000000,7849.250000000,7848.250000000,7848.750000000,48,NQZ9
2019-10-11T10:09:00.000000000Z,33,1,15907,7849.000000000,7852.250000000,7848.500000000,7851.000000000,112,NQZ9
2019-10-11T10:10:00.000000000Z,33,1,15907,7851.750000000,7851.750000000,7850.250000000,7850.500000000,95,NQZ9
2019-10-11T10:11:00.000000000Z,33,1,15907,7850.500000000,7851.750000000,7848.750000000,7850.500000000,169,NQZ9
2019-10-11T10:12:00.000000000Z,33,1,15907,7850.250000000,7851.250000000,7849.500000000,7851.000000000,89,NQZ9
2019-10-11T10:13:00.000000000Z,33,1,15907,7850.750000000,7851.250000000,7849.250000000,7849.250000000,63,NQZ9
2019-10-11T10:14:00.000000000Z,33,1,15907,7849.250000000,7851.500000000,7849.000000000,7851.500000000,106,NQZ9
2019-10-11T10:15:00.000000000Z,33,1,15907,7851.500000000,7851.500000000,7848.250000000,7848.500000000,217,NQZ9
2019-10-11T10:15:00.000000000Z,33,1,10204,7867.500000000,7867.500000000,7867.500000000,7867.500000000,1,NQH0
2019-10-11T10:16:00.000000000Z,33,1,15907,7848.500000000,7850.500000000,7848.500000000,7850.500000000,111,NQZ9
2019-10-11T10:17:00.000000000Z,33,1,15907,7851.000000000,7851.500000000,7850.000000000,7850.500000000,113,NQZ9
2019-10-11T10:18:00.000000000Z,33,1,15907,7850.750000000,7851.250000000,7848.750000000,7849.250000000,158,NQZ9
2019-10-11T10:19:00.000000000Z,33,1,15907,7848.750000000,7850.000000000,7847.750000000,7850.000000000,116,NQZ9
2019-10-11T10:20:00.000000000Z,33,1,15907,7850.000000000,7850.250000000,7847.000000000,7847.250000000,87,NQZ9
2019-10-11T10:21:00.000000000Z,33,1,15907,7847.000000000,7849.500000000,7847.000000000,7849.250000000,117,NQZ9
2019-10-11T10:22:00.000000000Z,33,1,15907,7849.000000000,7849.750000000,7848.000000000,7848.250000000,57,NQZ9
2019-10-11T10:23:00.000000000Z,33,1,15907,7848.750000000,7849.000000000,7846.750000000,7848.000000000,171,NQZ9
2019-10-11T10:24:00.000000000Z,33,1,15907,7848.000000000,7849.000000000,7847.500000000,7847.750000000,113,NQZ9
2019-10-11T10:25:00.000000000Z,33,1,15907,7847.500000000,7847.750000000,7844.500000000,7844.500000000,272,NQZ9
2019-10-11T10:26:00.000000000Z,33,1,15907,7845.000000000,7846.250000000,7843.750000000,7846.250000000,184,NQZ9
2019-10-11T10:27:00.000000000Z,33,1,10204,7864.500000000,7864.500000000,7864.500000000,7864.500000000,1,NQH0
2019-10-11T10:27:00.000000000Z,33,1,15907,7846.250000000,7846.750000000,7845.250000000,7845.250000000,92,NQZ9
2019-10-11T10:28:00.000000000Z,33,1,15907,7845.250000000,7845.500000000,7844.500000000,7845.250000000,110,NQZ9
2019-10-11T10:29:00.000000000Z,33,1,15907,7845.250000000,7846.500000000,7844.750000000,7844.750000000,78,NQZ9
2019-10-11T10:30:00.000000000Z,33,1,15907,7844.500000000,7844.500000000,7836.500000000,7841.750000000,574,NQZ9
2019-10-11T10:30:00.000000000Z,33,1,10204,7856.000000000,7856.000000000,7856.000000000,7856.000000000,1,NQH0
2019-10-11T10:31:00.000000000Z,33,1,15907,7841.750000000,7842.750000000,7841.000000000,7841.750000000,140,NQZ9
2019-10-11T10:32:00.000000000Z,33,1,15907,7842.250000000,7844.000000000,7842.000000000,7844.000000000,123,NQZ9
2019-10-11T10:33:00.000000000Z,33,1,15907,7843.750000000,7843.750000000,7842.000000000,7842.750000000,85,NQZ9
2019-10-11T10:34:00.000000000Z,33,1,15907,7842.000000000,7843.500000000,7842.000000000,7843.250000000,64,NQZ9
2019-10-11T10:35:00.000000000Z,33,1,15907,7843.250000000,7843.250000000,7841.750000000,7842.000000000,44,NQZ9
2019-10-11T10:36:00.000000000Z,33,1,15907,7842.250000000,7842.500000000,7840.500000000,7841.500000000,165,NQZ9
2019-10-11T10:37:00.000000000Z,33,1,15907,7841.750000000,7843.500000000,7841.500000000,7843.000000000,92,NQZ9
2019-10-11T10:38:00.000000000Z,33,1,15907,7842.750000000,7843.750000000,7841.500000000,7843.500000000,80,NQZ9
2019-10-11T10:39:00.000000000Z,33,1,15907,7843.250000000,7845.750000000,7843.250000000,7845.000000000,145,NQZ9
2019-10-11T10:40:00.000000000Z,33,1,15907,7844.750000000,7846.750000000,7844.500000000,7844.750000000,226,NQZ9
2019-10-11T10:41:00.000000000Z,33,1,15907,7844.250000000,7844.250000000,7841.500000000,7841.750000000,87,NQZ9
2019-10-11T10:42:00.000000000Z,33,1,15907,7841.500000000,7842.000000000,7840.750000000,7841.750000000,83,NQZ9
2019-10-11T10:43:00.000000000Z,33,1,15907,7841.500000000,7843.000000000,7841.500000000,7842.750000000,38,NQZ9
2019-10-11T10:44:00.000000000Z,33,1,15907,7842.750000000,7844.750000000,7842.250000000,7844.750000000,168,NQZ9
2019-10-11T10:45:00.000000000Z,33,1,15907,7844.750000000,7845.250000000,7843.500000000,7844.000000000,197,NQZ9
2019-10-11T10:46:00.000000000Z,33,1,15907,7843.750000000,7844.000000000,7842.750000000,7843.250000000,114,NQZ9
2019-10-11T10:47:00.000000000Z,33,1,15907,7843.000000000,7844.000000000,7842.500000000,7843.000000000,103,NQZ9
2019-10-11T10:48:00.000000000Z,33,1,15907,7843.250000000,7843.250000000,7841.250000000,7842.000000000,130,NQZ9
2019-10-11T10:49:00.000000000Z,33,1,15907,7842.250000000,7842.250000000,7841.250000000,7841.250000000,63,NQZ9
2019-10-11T10:50:00.000000000Z,33,1,10204,7859.750000000,7859.750000000,7859.750000000,7859.750000000,2,NQH0
2019-10-11T10:50:00.000000000Z,33,1,15907,7841.500000000,7841.500000000,7840.000000000,7840.500000000,74,NQZ9
2019-10-11T10:51:00.000000000Z,33,1,15907,7840.500000000,7841.000000000,7838.000000000,7839.750000000,147,NQZ9
2019-10-11T10:52:00.000000000Z,33,1,15907,7839.750000000,7840.000000000,7837.250000000,7837.500000000,194,NQZ9
2019-10-11T10:53:00.000000000Z,33,1,15907,7838.250000000,7840.500000000,7838.000000000,7839.750000000,274,NQZ9
2019-10-11T10:54:00.000000000Z,33,1,15907,7839.750000000,7841.500000000,7839.750000000,7840.750000000,223,NQZ9
2019-10-11T10:54:00.000000000Z,33,1,10204,7858.750000000,7858.750000000,7858.750000000,7858.750000000,1,NQH0
2019-10-11T10:55:00.000000000Z,33,1,15907,7840.750000000,7841.500000000,7839.000000000,7840.500000000,214,NQZ9
2019-10-11T10:56:00.000000000Z,33,1,15907,7840.750000000,7843.000000000,7839.500000000,7842.250000000,308,NQZ9
2019-10-11T10:57:00.000000000Z,33,1,15907,7842.250000000,7842.250000000,7841.750000000,7841.750000000,85,NQZ9
2019-10-11T10:58:00.000000000Z,33,1,15907,7841.500000000,7843.250000000,7841.000000000,7842.250000000,119,NQZ9
2019-10-11T10:59:00.000000000Z,33,1,15907,7842.000000000,7842.500000000,7841.250000000,7841.750000000,75,NQZ9
2019-10-11T11:00:00.000000000Z,33,1,15907,7841.750000000,7841.750000000,7838.500000000,7838.500000000,160,NQZ9
2019-10-11T11:01:00.000000000Z,33,1,15907,7838.750000000,7840.500000000,7838.750000000,7839.500000000,125,NQZ9
2019-10-11T11:02:00.000000000Z,33,1,15907,7840.000000000,7840.250000000,7838.500000000,7839.500000000,90,NQZ9
2019-10-11T11:03:00.000000000Z,33,1,15907,7839.750000000,7841.000000000,7838.750000000,7839.750000000,157,NQZ9
2019-10-11T11:04:00.000000000Z,33,1,15907,7839.500000000,7840.250000000,7839.000000000,7839.750000000,67,NQZ9
2019-10-11T11:05:00.000000000Z,33,1,15907,7839.250000000,7839.250000000,7838.000000000,7838.250000000,116,NQZ9
2019-10-11T11:06:00.000000000Z,33,1,15907,7838.500000000,7839.250000000,7837.750000000,7837.750000000,120,NQZ9
2019-10-11T11:07:00.000000000Z,33,1,15907,7838.000000000,7839.000000000,7836.500000000,7838.750000000,168,NQZ9
2019-10-11T11:08:00.000000000Z,33,1,15907,7838.500000000,7840.000000000,7837.750000000,7839.000000000,147,NQZ9
2019-10-11T11:08:00.000000000Z,33,1,10204,7857.000000000,7857.000000000,7857.000000000,7857.000000000,1,NQH0
2019-10-11T11:09:00.000000000Z,33,1,15907,7839.250000000,7840.500000000,7839.000000000,7839.750000000,155,NQZ9
2019-10-11T11:10:00.000000000Z,33,1,15907,7839.750000000,7839.750000000,7838.750000000,7839.000000000,62,NQZ9
2019-10-11T11:11:00.000000000Z,33,1,15907,7839.250000000,7841.000000000,7839.250000000,7840.500000000,97,NQZ9
2019-10-11T11:12:00.000000000Z,33,1,15907,7840.750000000,7841.250000000,7839.750000000,7841.000000000,58,NQZ9
2019-10-11T11:13:00.000000000Z,33,1,15907,7840.750000000,7841.250000000,7840.500000000,7841.000000000,54,NQZ9
2019-10-11T11:14:00.000000000Z,33,1,15907,7841.000000000,7841.750000000,7840.500000000,7841.750000000,51,NQZ9
2019-10-11T11:15:00.000000000Z,33,1,15907,7841.250000000,7845.750000000,7840.750000000,7845.750000000,321,NQZ9
2019-10-11T11:16:00.000000000Z,33,1,15907,7845.500000000,7851.250000000,7844.750000000,7849.500000000,657,NQZ9
2019-10-11T11:17:00.000000000Z,33,1,15907,7849.250000000,7849.250000000,7846.750000000,7848.500000000,286,NQZ9
2019-10-11T11:18:00.000000000Z,33,1,15907,7848.500000000,7851.250000000,7847.750000000,7851.250000000,220,NQZ9
2019-10-11T11:19:00.000000000Z,33,1,15907,7851.000000000,7851.250000000,7847.000000000,7848.750000000,456,NQZ9
2019-10-11T11:19:00.000000000Z,33,1,10204,7868.000000000,7868.000000000,7868.000000000,7868.000000000,2,NQH0
2019-10-11T11:20:00.000000000Z,33,1,15907,7848.750000000,7849.500000000,7846.250000000,7846.500000000,204,NQZ9
2019-10-11T11:21:00.000000000Z,33,1,15907,7846.250000000,7848.750000000,7845.750000000,7848.500000000,83,NQZ9
2019-10-11T11:22:00.000000000Z,33,1,15907,7848.750000000,7850.500000000,7848.750000000,7849.500000000,175,NQZ9
2019-10-11T11:23:00.000000000Z,33,1,15907,7849.750000000,7849.750000000,7847.250000000,7848.000000000,142,NQZ9
2019-10-11T11:24:00.000000000Z,33,1,10204,7875.750000000,7875.750000000,7875.750000000,7875.750000000,1,NQH0
2019-10-11T11:24:00.000000000Z,33,1,15907,7848.000000000,7859.000000000,7847.500000000,7856.250000000,683,NQZ9
2019-10-11T11:25:00.000000000Z,33,1,15907,7856.000000000,7858.250000000,7854.000000000,7858.250000000,314,NQZ9
2019-10-11T11:26:00.000000000Z,33,1,15907,7857.500000000,7862.500000000,7856.250000000,7856.750000000,575,NQZ9
2019-10-11T11:27:00.000000000Z,33,1,15907,7857.000000000,7857.750000000,7855.750000000,7856.250000000,271,NQZ9
2019-10-11T11:28:00.000000000Z,33,1,15907,7856.500000000,7856.500000000,7852.250000000,7853.000000000,292,NQZ9
2019-10-11T11:29:00.000000000Z,33,1,15907,7852.250000000,7853.250000000,7851.250000000,7851.250000000,169,NQZ9
2019-10-11T11:30:00.000000000Z,33,1,15907,7851.000000000,7852.750000000,7848.750000000,7849.500000000,472,NQZ9
2019-10-11T11:31:00.000000000Z,33,1,15907,7849.250000000,7851.500000000,7848.500000000,7850.500000000,348,NQZ9
2019-10-11T11:32:00.000000000Z,33,1,15907,7850.500000000,7851.500000000,7849.000000000,7849.000000000,599,NQZ9
2019-10-11T11:33:00.000000000Z,33,1,15907,7849.000000000,7849.750000000,7847.500000000,7849.500000000,345,NQZ9
2019-10-11T11:34:00.000000000Z,33,1,15907,7849.250000000,7849.750000000,7846.000000000,7846.000000000,261,NQZ9
2019-10-11T11:35:00.000000000Z,33,1,15907,7846.500000000,7849.750000000,7846.000000000,7849.500000000,259,NQZ9
2019-10-11T11:36:00.000000000Z,33,1,15907,7849.750000000,7850.750000000,7848.750000000,7848.750000000,190,NQZ9
2019-10-11T11:37:00.000000000Z,33,1,15907,7848.750000000,7851.000000000,7848.250000000,7850.000000000,381,NQZ9
2019-10-11T11:38:00.000000000Z,33,1,15907,7849.750000000,7850.750000000,7848.750000000,7849.000000000,172,NQZ9
2019-10-11T11:39:00.000000000Z,33,1,15907,7848.750000000,7852.500000000,7848.250000000,7852.250000000,150,NQZ9
2019-10-11T11:40:00.000000000Z,33,1,15907,7851.750000000,7853.500000000,7851.500000000,7852.500000000,236,NQZ9
2019-10-11T11:41:00.000000000Z,33,1,15907,7852.750000000,7852.750000000,7849.500000000,7850.000000000,110,NQZ9
2019-10-11T11:42:00.000000000Z,33,1,15907,7849.750000000,7851.750000000,7849.500000000,7851.000000000,405,NQZ9
2019-10-11T11:43:00.000000000Z,33,1,15907,7850.250000000,7852.500000000,7850.000000000,7851.500000000,370,NQZ9
2019-10-11T11:43:00.000000000Z,33,1,9346,18.900000000,18.900000000,18.900000000,18.900000000,2,NQZ9-NQH0
2019-10-11T11:44:00.000000000Z,33,1,15907,7851.500000000,7852.250000000,7850.500000000,7851.000000000,130,NQZ9
2019-10-11T11:45:00.000000000Z,33,1,15907,7851.250000000,7851.500000000,7849.000000000,7849.250000000,138,NQZ9
2019-10-11T11:46:00.000000000Z,33,1,15907,7849.000000000,7850.000000000,7849.000000000,7850.000000000,121,NQZ9
2019-10-11T11:46:00.000000000Z,33,1,9346,18.900000000,18.900000000,18.900000000,18.900000000,5,NQZ9-NQH0
2019-10-11T11:47:00.000000000Z,33,1,15907,7849.750000000,7851.000000000,7849.750000000,7850.250000000,89,NQZ9
2019-10-11T11:48:00.000000000Z,33,1,15907,7850.000000000,7852.500000000,7849.750000000,7850.750000000,192,NQZ9
2019-10-11T11:49:00.000000000Z,33,1,15907,7850.500000000,7851.750000000,7849.750000000,7850.250000000,308,NQZ9
2019-10-11T11:50:00.000000000Z,33,1,15907,7850.250000000,7851.500000000,7849.500000000,7851.250000000,120,NQZ9
2019-10-11T11:51:00.000000000Z,33,1,15907,7851.250000000,7851.500000000,7850.250000000,7850.500000000,124,NQZ9
2019-10-11T11:52:00.000000000Z,33,1,15907,7850.750000000,7850.750000000,7849.500000000,7850.250000000,59,NQZ9
2019-10-11T11:53:00.000000000Z,33,1,15907,7849.750000000,7849.750000000,7848.000000000,7848.750000000,146,NQZ9
2019-10-11T11:54:00.000000000Z,33,1,15907,7848.750000000,7849.000000000,7847.000000000,7847.750000000,125,NQZ9
2019-10-11T11:55:00.000000000Z,33,1,15907,7847.750000000,7849.500000000,7847.500000000,7848.750000000,77,NQZ9
2019-10-11T11:56:00.000000000Z,33,1,15907,7849.000000000,7849.000000000,7847.000000000,7847.250000000,120,NQZ9
2019-10-11T11:57:00.000000000Z,33,1,15907,7847.250000000,7847.500000000,7846.500000000,7846.500000000,130,NQZ9
2019-10-11T11:58:00.000000000Z,33,1,15907,7846.750000000,7847.250000000,7846.000000000,7847.250000000,90,NQZ9
2019-10-11T11:59:00.000000000Z,33,1,15907,7847.000000000,7847.250000000,7845.500000000,7846.000000000,366,NQZ9
2019-10-11T12:00:00.000000000Z,33,1,15907,7846.250000000,7848.500000000,7845.750000000,7847.000000000,245,NQZ9
2019-10-11T12:01:00.000000000Z,33,1,15907,7847.000000000,7847.250000000,7846.000000000,7846.250000000,159,NQZ9
2019-10-11T12:02:00.000000000Z,33,1,15907,7846.500000000,7848.000000000,7845.500000000,7847.250000000,96,NQZ9
2019-10-11T12:03:00.000000000Z,33,1,15907,7847.250000000,7848.750000000,7847.000000000,7848.000000000,143,NQZ9
2019-10-11T12:04:00.000000000Z,33,1,15907,7848.250000000,7848.500000000,7847.000000000,7847.250000000,128,NQZ9
2019-10-11T12:05:00.000000000Z,33,1,15907,7847.250000000,7847.250000000,7844.000000000,7845.500000000,235,NQZ9
2019-10-11T12:06:00.000000000Z,33,1,15907,7845.500000000,7849.000000000,7844.750000000,7847.000000000,278,NQZ9
2019-10-11T12:07:00.000000000Z,33,1,15907,7847.000000000,7847.000000000,7843.500000000,7844.750000000,181,NQZ9
2019-10-11T12:08:00.000000000Z,33,1,15907,7844.750000000,7845.750000000,7842.750000000,7844.250000000,255,NQZ9
2019-10-11T12:09:00.000000000Z,33,1,15907,7844.000000000,7845.000000000,7842.500000000,7845.000000000,197,NQZ9
2019-10-11T12:10:00.000000000Z,33,1,15907,7844.750000000,7845.000000000,7842.500000000,7843.500000000,235,NQZ9
2019-10-11T12:11:00.000000000Z,33,1,15907,7843.250000000,7844.750000000,7842.500000000,7844.750000000,247,NQZ9
2019-10-11T12:12:00.000000000Z,33,1,15907,7844.250000000,7844.500000000,7843.000000000,7843.500000000,166,NQZ9
2019-10-11T12:13:00.000000000Z,33,1,15907,7843.500000000,7844.000000000,7843.500000000,7843.500000000,72,NQZ9
2019-10-11T12:14:00.000000000Z,33,1,15907,7843.250000000,7843.500000000,7842.250000000,7843.000000000,138,NQZ9
2019-10-11T12:15:00.000000000Z,33,1,15907,7842.500000000,7843.750000000,7841.500000000,7843.750000000,151,NQZ9
2019-10-11T12:16:00.000000000Z,33,1,15907,7843.000000000,7844.750000000,7842.000000000,7844.500000000,283,NQZ9
2019-10-11T12:17:00.000000000Z,33,1,15907,7844.250000000,7844.500000000,7842.250000000,7844.250000000,157,NQZ9
2019-10-11T12:18:00.000000000Z,33,1,15907,7844.250000000,7850.500000000,7844.250000000,7847.750000000,711,NQZ9
2019-10-11T12:19:00.000000000Z,33,1,9346,18.850000000,18.850000000,18.850000000,18.850000000,1,NQZ9-NQH0
2019-10-11T12:19:00.000000000Z,33,1,15907,7847.250000000,7847.750000000,7844.000000000,7845.000000000,263,NQZ9
2019-10-11T12:20:00.000000000Z,33,1,15907,7844.750000000,7845.500000000,7843.000000000,7843.750000000,317,NQZ9
2019-10-11T12:20:00.000000000Z,33,1,9346,18.950000000,19.000000000,18.950000000,19.000000000,4,NQZ9-NQH0
2019-10-11T12:21:00.000000000Z,33,1,9346,19.000000000,19.000000000,19.000000000,19.000000000,6,NQZ9-NQH0
2019-10-11T12:21:00.000000000Z,33,1,15907,7843.750000000,7844.250000000,7841.750000000,7843.000000000,230,NQZ9
2019-10-11T12:22:00.000000000Z,33,1,15907,7843.000000000,7846.750000000,7842.500000000,7845.750000000,254,NQZ9
2019-10-11T12:23:00.000000000Z,33,1,15907,7846.000000000,7846.250000000,7842.250000000,7843.250000000,185,NQZ9
2019-10-11T12:24:00.000000000Z,33,1,15907,7843.000000000,7843.250000000,7838.000000000,7839.500000000,588,NQZ9
2019-10-11T12:25:00.000000000Z,33,1,15907,7839.750000000,7841.500000000,7839.500000000,7840.500000000,168,NQZ9
2019-10-11T12:26:00.000000000Z,33,1,15907,7840.500000000,7841.250000000,7839.750000000,7840.750000000,165,NQZ9
2019-10-11T12:27:00.000000000Z,33,1,15907,7840.500000000,7841.750000000,7839.750000000,7841.250000000,150,NQZ9
2019-10-11T12:28:00.000000000Z,33,1,15907,7841.000000000,7841.500000000,7838.250000000,7840.000000000,190,NQZ9
2019-10-11T12:29:00.000000000Z,33,1,15907,7840.250000000,7841.000000000,7840.000000000,7840.250000000,120,NQZ9
2019-10-11T12:30:00.000000000Z,33,1,15907,7840.250000000,7843.750000000,7840.250000000,7842.000000000,341,NQZ9
2019-10-11T12:31:00.000000000Z,33,1,15907,7842.000000000,7847.000000000,7842.000000000,7846.500000000,329,NQZ9
2019-10-11T12:32:00.000000000Z,33,1,15907,7846.500000000,7846.500000000,7842.500000000,7843.500000000,891,NQZ9
2019-10-11T12:33:00.000000000Z,33,1,15907,7843.750000000,7846.250000000,7843.750000000,7845.500000000,216,NQZ9
2019-10-11T12:34:00.000000000Z,33,1,15907,7845.250000000,7846.250000000,7844.500000000,7846.250000000,158,NQZ9
2019-10-11T12:35:00.000000000Z,33,1,15907,7846.250000000,7846.500000000,7845.500000000,7846.250000000,101,NQZ9
2019-10-11T12:36:00.000000000Z,33,1,15907,7846.500000000,7846.500000000,7843.750000000,7845.000000000,118,NQZ9
2019-10-11T12:37:00.000000000Z,33,1,15907,7845.250000000,7847.750000000,7845.250000000,7847.750000000,163,NQZ9
2019-10-11T12:38:00.000000000Z,33,1,15907,7847.250000000,7849.000000000,7846.250000000,7847.750000000,261,NQZ9
2019-10-11T12:39:00.000000000Z,33,1,15907,7847.500000000,7848.250000000,7846.750000000,7847.500000000,155,NQZ9
2019-10-11T12:40:00.000000000Z,33,1,15907,7847.500000000,7847.750000000,7845.750000000,7847.000000000,112,NQZ9
2019-10-11T12:41:00.000000000Z,33,1,15907,7847.000000000,7848.250000000,7845.250000000,7846.500000000,219,NQZ9
2019-10-11T12:42:00.000000000Z,33,1,15907,7846.500000000,7847.250000000,7846.000000000,7847.000000000,78,NQZ9
2019-10-11T12:43:00.000000000Z,33,1,15907,7847.000000000,7848.250000000,7845.750000000,7847.000000000,156,NQZ9
2019-10-11T12:44:00.000000000Z,33,1,15907,7846.750000000,7847.000000000,7844.750000000,7846.250000000,111,NQZ9
2019-10-11T12:45:00.000000000Z,33,1,15907,7846.000000000,7846.250000000,7842.250000000,7842.500000000,202,NQZ9
2019-10-11T12:46:00.000000000Z,33,1,15907,7842.750000000,7843.500000000,7842.000000000,7842.750000000,102,NQZ9
2019-10-11T12:47:00.000000000Z,33,1,15907,7842.500000000,7845.000000000,7842.500000000,7842.750000000,256,NQZ9
2019-10-11T12:48:00.000000000Z,33,1,15907,7842.500000000,7844.000000000,7842.500000000,7842.750000000,99,NQZ9
2019-10-11T12:49:00.000000000Z,33,1,15907,7842.750000000,7843.750000000,7842.500000000,7843.000000000,63,NQZ9
2019-10-11T12:50:00.000000000Z,33,1,15907,7843.250000000,7843.500000000,7842.000000000,7842.000000000,109,NQZ9
2019-10-11T12:51:00.000000000Z,33,1,15907,7842.250000000,7842.250000000,7839.250000000,7840.750000000,218,NQZ9
2019-10-11T12:52:00.000000000Z,33,1,15907,7840.750000000,7842.500000000,7840.500000000,7842.000000000,122,NQZ9
2019-10-11T12:53:00.000000000Z,33,1,15907,7842.000000000,7842.250000000,7840.500000000,7841.000000000,222,NQZ9
2019-10-11T12:54:00.000000000Z,33,1,15907,7841.000000000,7842.000000000,7840.250000000,7842.000000000,124,NQZ9
2019-10-11T12:55:00.000000000Z,33,1,15907,7841.750000000,7842.750000000,7841.250000000,7841.750000000,97,NQZ9
2019-10-11T12:56:00.000000000Z,33,1,15907,7841.500000000,7842.750000000,7840.250000000,7842.000000000,174,NQZ9
2019-10-11T12:57:00.000000000Z,33,1,15907,7842.000000000,7842.000000000,7839.500000000,7840.250000000,155,NQZ9
2019-10-11T12:58:00.000000000Z,33,1,15907,7839.500000000,7841.500000000,7839.250000000,7839.750000000,114,NQZ9
2019-10-11T12:59:00.000000000Z,33,1,15907,7839.750000000,7839.750000000,7838.500000000,7839.250000000,116,NQZ9
2019-10-11T13:00:00.000000000Z,33,1,15907,7839.250000000,7840.250000000,7838.250000000,7839.000000000,212,NQZ9
2019-10-11T13:01:00.000000000Z,33,1,15907,7839.000000000,7841.000000000,7836.250000000,7836.750000000,426,NQZ9
2019-10-11T13:02:00.000000000Z,33,1,15907,7837.250000000,7839.000000000,7835.250000000,7837.500000000,336,NQZ9
2019-10-11T13:03:00.000000000Z,33,1,15907,7837.500000000,7838.250000000,7835.500000000,7837.250000000,314,NQZ9
2019-10-11T13:04:00.000000000Z,33,1,15907,7837.250000000,7838.000000000,7836.750000000,7837.750000000,75,NQZ9
2019-10-11T13:05:00.000000000Z,33,1,15907,7838.000000000,7838.250000000,7832.500000000,7832.750000000,410,NQZ9
2019-10-11T13:06:00.000000000Z,33,1,15907,7833.000000000,7835.750000000,7832.750000000,7835.250000000,238,NQZ9
2019-10-11T13:07:00.000000000Z,33,1,15907,7835.250000000,7836.000000000,7834.500000000,7834.750000000,124,NQZ9
2019-10-11T13:08:00.000000000Z,33,1,15907,7835.000000000,7835.500000000,7834.250000000,7835.250000000,162,NQZ9
2019-10-11T13:09:00.000000000Z,33,1,15907,7835.000000000,7835.500000000,7834.500000000,7835.500000000,93,NQZ9
2019-10-11T13:10:00.000000000Z,33,1,15907,7835.500000000,7837.250000000,7835.500000000,7837.000000000,140,NQZ9
2019-10-11T13:11:00.000000000Z,33,1,15907,7837.000000000,7837.750000000,7836.000000000,7836.500000000,286,NQZ9
2019-10-11T13:11:00.000000000Z,33,1,10204,7854.750000000,7854.750000000,7854.750000000,7854.750000000,1,NQH0
2019-10-11T13:12:00.000000000Z,33,1,15907,7836.500000000,7837.750000000,7836.500000000,7837.000000000,153,NQZ9
2019-10-11T13:13:00.000000000Z,33,1,15907,7836.750000000,7836.750000000,7835.250000000,7836.250000000,190,NQZ9
2019-10-11T13:14:00.000000000Z,33,1,10204,7857.000000000,7857.000000000,7857.000000000,7857.000000000,2,NQH0
2019-10-11T13:14:00.000000000Z,33,1,15907,7836.250000000,7837.500000000,7835.750000000,7836.250000000,145,NQZ9
2019-10-11T13:15:00.000000000Z,33,1,15907,7836.250000000,7838.000000000,7836.250000000,7837.000000000,149,NQZ9
2019-10-11T13:16:00.000000000Z,33,1,15907,7837.000000000,7838.250000000,7837.000000000,7838.000000000,105,NQZ9
2019-10-11T13:17:00.000000000Z,33,1,15907,7837.750000000,7838.000000000,7836.250000000,7837.500000000,165,NQZ9
2019-10-11T13:18:00.000000000Z,33,1,15907,7837.750000000,7838.250000000,7837.500000000,7838.250000000,127,NQZ9
2019-10-11T13:19:00.000000000Z,33,1,15907,7838.000000000,7838.250000000,7837.000000000,7838.250000000,80,NQZ9
2019-10-11T13:20:00.000000000Z,33,1,15907,7838.500000000,7840.500000000,7837.750000000,7840.250000000,234,NQZ9
2019-10-11T13:21:00.000000000Z,33,1,15907,7840.250000000,7841.000000000,7838.000000000,7838.250000000,236,NQZ9
2019-10-11T13:22:00.000000000Z,33,1,15907,7838.000000000,7838.500000000,7835.750000000,7836.500000000,242,NQZ9
2019-10-11T13:23:00.000000000Z,33,1,15907,7836.250000000,7837.500000000,7836.000000000,7836.750000000,366,NQZ9
2019-10-11T13:24:00.000000000Z,33,1,15907,7836.500000000,7837.500000000,7836.250000000,7837.000000000,134,NQZ9
2019-10-11T13:25:00.000000000Z,33,1,15907,7837.000000000,7838.250000000,7836.250000000,7838.250000000,196,NQZ9
2019-10-11T13:26:00.000000000Z,33,1,15907,7838.500000000,7839.250000000,7837.750000000,7839.250000000,186,NQZ9
2019-10-11T13:27:00.000000000Z,33,1,15907,7839.000000000,7841.000000000,7838.250000000,7840.500000000,396,NQZ9
2019-10-11T13:28:00.000000000Z,33,1,15907,7840.500000000,7843.500000000,7840.000000000,7843.000000000,522,NQZ9
2019-10-11T13:29:00.000000000Z,33,1,15907,7843.000000000,7844.000000000,7841.750000000,7843.000000000,909,NQZ9
2019-10-11T13:30:00.000000000Z,33,1,15907,7842.750000000,7853.250000000,7842.750000000,7852.250000000,3750,NQZ9
2019-10-11T13:30:00.000000000Z,33,1,10204,7870.000000000,7870.000000000,7870.000000000,7870.000000000,1,NQH0
2019-10-11T13:31:00.000000000Z,33,1,15907,7852.500000000,7853.250000000,7846.500000000,7847.750000000,2252,NQZ9
2019-10-11T13:31:00.000000000Z,33,1,10204,7870.750000000,7870.750000000,7870.750000000,7870.750000000,1,NQH0
2019-10-11T13:32:00.000000000Z,33,1,15907,7847.750000000,7852.250000000,7847.250000000,7851.500000000,2036,NQZ9
2019-10-11T13:32:00.000000000Z,33,1,10204,7868.250000000,7869.000000000,7868.250000000,7869.000000000,6,NQH0
2019-10-11T13:33:00.000000000Z,33,1,15907,7851.500000000,7852.250000000,7849.250000000,7850.000000000,1347,NQZ9
2019-10-11T13:34:00.000000000Z,33,1,15907,7849.750000000,7854.000000000,7849.250000000,7852.750000000,1683,NQZ9
2019-10-11T13:35:00.000000000Z,33,1,15907,7852.750000000,7855.000000000,7849.750000000,7854.000000000,1735,NQZ9
2019-10-11T13:36:00.000000000Z,33,1,15907,7854.250000000,7857.750000000,7853.250000000,7856.750000000,1871,NQZ9
2019-10-11T13:37:00.000000000Z,33,1,15907,7857.000000000,7862.250000000,7857.000000000,7861.250000000,2028,NQZ9
2019-10-11T13:37:00.000000000Z,33,1,10204,7880.500000000,7882.250000000,7880.500000000,7882.250000000,2,NQH0
2019-10-11T13:38:00.000000000Z,33,1,10204,7882.750000000,7882.750000000,7882.750000000,7882.750000000,2,NQH0
2019-10-11T13:38:00.000000000Z,33,1,15907,7861.250000000,7864.000000000,7859.250000000,7862.750000000,1723,NQZ9
2019-10-11T13:39:00.000000000Z,33,1,15907,7862.750000000,7864.000000000,7858.500000000,7858.750000000,1533,NQZ9
2019-10-11T13:40:00.000000000Z,33,1,15907,7859.000000000,7861.000000000,7857.750000000,7858.750000000,949,NQZ9
2019-10-11T13:41:00.000000000Z,33,1,10204,7877.250000000,7877.250000000,7877.250000000,7877.250000000,1,NQH0
2019-10-11T13:41:00.000000000Z,33,1,15907,7859.000000000,7862.250000000,7858.250000000,7862.250000000,741,NQZ9
2019-10-11T13:42:00.000000000Z,33,1,15907,7862.000000000,7866.250000000,7860.500000000,7865.000000000,1590,NQZ9
2019-10-11T13:43:00.000000000Z,33,1,15907,7865.000000000,7867.000000000,7864.250000000,7866.000000000,1725,NQZ9
2019-10-11T13:44:00.000000000Z,33,1,15907,7865.750000000,7866.750000000,7863.750000000,7865.750000000,1117,NQZ9
2019-10-11T13:45:00.000000000Z,33,1,10204,7888.000000000,7888.000000000,7888.000000000,7888.000000000,2,NQH0
2019-10-11T13:45:00.000000000Z,33,1,15907,7866.000000000,7872.750000000,7866.000000000,7871.750000000,2767,NQZ9
2019-10-11T13:45:00.000000000Z,33,1,9346,19.450000000,19.500000000,19.450000000,19.500000000,31,NQZ9-NQH0
2019-10-11T13:46:00.000000000Z,33,1,10204,7889.500000000,7889.500000000,7889.500000000,7889.500000000,1,NQH0
2019-10-11T13:46:00.000000000Z,33,1,15907,7871.750000000,7874.500000000,7869.500000000,7873.250000000,1325,NQZ9
2019-10-11T13:47:00.000000000Z,33,1,15907,7873.500000000,7874.000000000,7869.500000000,7869.500000000,1695,NQZ9
2019-10-11T13:48:00.000000000Z,33,1,15907,7869.500000000,7872.500000000,7868.250000000,7868.500000000,1504,NQZ9
2019-10-11T13:48:00.000000000Z,33,1,10204,7889.250000000,7889.250000000,7889.250000000,7889.250000000,1,NQH0
2019-10-11T13:49:00.000000000Z,33,1,10204,7890.250000000,7900.000000000,7890.250000000,7890.750000000,33,NQH0
2019-10-11T13:49:00.000000000Z,33,1,9346,19.250000000,19.450000000,19.250000000,19.450000000,6,NQZ9-NQH0
2019-10-11T13:49:00.000000000Z,33,1,15907,7868.500000000,7889.000000000,7865.750000000,7870.750000000,9535,NQZ9
2019-10-11T13:50:00.000000000Z,33,1,15907,7870.750000000,7880.000000000,7870.750000000,7877.500000000,2534,NQZ9
2019-10-11T13:50:00.000000000Z,33,1,9346,19.450000000,19.450000000,19.450000000,19.450000000,1,NQZ9-NQH0
2019-10-11T13:50:00.000000000Z,33,1,10204,7891.500000000,7891.500000000,7891.500000000,7891.500000000,3,NQH0
2019-10-11T13:51:00.000000000Z,33,1,15907,7877.500000000,7877.500000000,7872.500000000,7874.750000000,1500,NQZ9
2019-10-11T13:52:00.000000000Z,33,1,10204,7892.250000000,7892.250000000,7892.250000000,7892.250000000,5,NQH0
2019-10-11T13:52:00.000000000Z,33,1,15907,7874.750000000,7878.000000000,7871.500000000,7873.750000000,1875,NQZ9
2019-10-11T13:52:00.000000000Z,33,1,9346,19.500000000,19.500000000,19.500000000,19.500000000,7,NQZ9-NQH0
2019-10-11T13:53:00.000000000Z,33,1,9346,19.500000000,19.500000000,19.500000000,19.500000000,20,NQZ9-NQH0
2019-10-11T13:53:00.000000000Z,33,1,15907,7873.750000000,7876.500000000,7872.250000000,7873.750000000,1471,NQZ9
2019-10-11T13:54:00.000000000Z,33,1,9346,19.500000000,19.500000000,19.500000000,19.500000000,47,NQZ9-NQH0
2019-10-11T13:54:00.000000000Z,33,1,15907,7873.500000000,7874.500000000,7871.500000000,7873.000000000,1096,NQZ9
2019-10-11T13:55:00.000000000Z,33,1,15907,7873.000000000,7874.250000000,7870.250000000,7873.000000000,1136,NQZ9
2019-10-11T13:56:00.000000000Z,33,1,10204,7892.000000000,7892.000000000,7892.000000000,7892.000000000,1,NQH0
2019-10-11T13:56:00.000000000Z,33,1,15907,7873.000000000,7874.750000000,7870.500000000,7872.750000000,1019,NQZ9
2019-10-11T13:57:00.000000000Z,33,1,15907,7873.000000000,7877.500000000,7872.750000000,7875.000000000,1016,NQZ9
2019-10-11T13:58:00.000000000Z,33,1,15907,7874.750000000,7876.500000000,7873.750000000,7875.750000000,614,NQZ9
2019-10-11T13:59:00.000000000Z,33,1,15907,7875.250000000,7876.500000000,7872.000000000,7873.000000000,572,NQZ9
2019-10-11T14:00:00.000000000Z,33,1,15907,7873.250000000,7881.250000000,7873.250000000,7880.000000000,2051,NQZ9
2019-10-11T14:00:00.000000000Z,33,1,10204,7897.500000000,7897.500000000,7897.500000000,7897.500000000,1,NQH0
2019-10-11T14:01:00.000000000Z,33,1,10204,7900.000000000,7900.000000000,7900.000000000,7900.000000000,1,NQH0
2019-10-11T14:01:00.000000000Z,33,1,15907,7880.000000000,7884.250000000,7879.250000000,7882.500000000,2264,NQZ9
2019-10-11T14:02:00.000000000Z,33,1,15907,7882.500000000,7882.500000000,7875.250000000,7880.000000000,1759,NQZ9
2019-10-11T14:03:00.000000000Z,33,1,15907,7880.000000000,7885.250000000,7879.000000000,7884.750000000,1711,NQZ9
2019-10-11T14:04:00.000000000Z,33,1,15907,7884.500000000,7885.000000000,7880.500000000,7882.500000000,1200,NQZ9
2019-10-11T14:05:00.000000000Z,33,1,10204,7902.750000000,7902.750000000,7901.250000000,7901.250000000,7,NQH0
2019-10-11T14:05:00.000000000Z,33,1,15907,7882.500000000,7886.000000000,7878.500000000,7880.750000000,1594,NQZ9
2019-10-11T14:05:00.000000000Z,33,1,9346,19.600000000,19.800000000,19.600000000,19.800000000,7,NQZ9-NQH0
2019-10-11T14:06:00.000000000Z,33,1,15907,7880.750000000,7881.750000000,7878.250000000,7879.250000000,1021,NQZ9
2019-10-11T14:06:00.000000000Z,33,1,10204,7900.000000000,7900.000000000,7900.000000000,7900.000000000,1,NQH0
2019-10-11T14:07:00.000000000Z,33,1,15907,7879.250000000,7880.500000000,7877.000000000,7878.250000000,963,NQZ9
2019-10-11T14:08:00.000000000Z,33,1,15907,7878.250000000,7882.750000000,7877.750000000,7881.750000000,985,NQZ9
2019-10-11T14:09:00.000000000Z,33,1,15907,7881.750000000,7885.000000000,7881.500000000,7882.000000000,920,NQZ9
2019-10-11T14:09:00.000000000Z,33,1,10204,7903.500000000,7903.500000000,7903.500000000,7903.500000000,1,NQH0
2019-10-11T14:10:00.000000000Z,33,1,15907,7882.000000000,7885.250000000,7879.000000000,7884.500000000,1165,NQZ9
2019-10-11T14:11:00.000000000Z,33,1,15907,7884.250000000,7884.250000000,7881.000000000,7882.750000000,628,NQZ9
2019-10-11T14:12:00.000000000Z,33,1,15907,7882.750000000,7883.250000000,7879.750000000,7882.750000000,679,NQZ9
2019-10-11T14:13:00.000000000Z,33,1,15907,7882.750000000,7883.500000000,7880.250000000,7882.750000000,685,NQZ9
2019-10-11T14:14:00.000000000Z,33,1,10204,7905.750000000,7906.500000000,7905.750000000,7906.500000000,6,NQH0
2019-10-11T14:14:00.000000000Z,33,1,15907,7882.500000000,7889.000000000,7881.250000000,7884.750000000,1740,NQZ9
2019-10-11T14:14:00.000000000Z,33,1,9346,19.600000000,19.600000000,19.600000000,19.600000000,1,NQZ9-NQH0
2019-10-11T14:15:00.000000000Z,33,1,15907,7885.000000000,7887.500000000,7882.000000000,7883.000000000,1429,NQZ9
2019-10-11T14:16:00.000000000Z,33,1,15907,7883.250000000,7887.750000000,7881.750000000,7883.500000000,1571,NQZ9
2019-10-11T14:17:00.000000000Z,33,1,15907,7883.500000000,7884.750000000,7880.500000000,7884.750000000,1291,NQZ9
2019-10-11T14:18:00.000000000Z,33,1,15907,7885.000000000,7888.000000000,7884.750000000,7886.500000000,1240,NQZ9
2019-10-11T14:19:00.000000000Z,33,1,15907,7886.250000000,7887.750000000,7882.750000000,7886.500000000,1021,NQZ9
2019-10-11T14:20:00.000000000Z,33,1,15907,7886.750000000,7888.500000000,7885.250000000,7886.000000000,865,NQZ9
2019-10-11T14:21:00.000000000Z,33,1,15907,7886.250000000,7889.000000000,7885.250000000,7887.000000000,859,NQZ9
2019-10-11T14:21:00.000000000Z,33,1,10204,7906.500000000,7906.500000000,7906.500000000,7906.500000000,3,NQH0
2019-10-11T14:22:00.000000000Z,33,1,15907,7887.250000000,7889.000000000,7885.500000000,7888.000000000,740,NQZ9
2019-10-11T14:23:00.000000000Z,33,1,15907,7888.000000000,7889.000000000,7883.750000000,7886.750000000,1016,NQZ9
2019-10-11T14:24:00.000000000Z,33,1,15907,7886.500000000,7888.250000000,7885.250000000,7887.750000000,766,NQZ9
2019-10-11T14:24:00.000000000Z,33,1,10204,7907.750000000,7907.750000000,7907.750000000,7907.750000000,1,NQH0
2019-10-11T14:25:00.000000000Z,33,1,15907,7888.000000000,7888.250000000,7885.250000000,7887.750000000,794,NQZ9
2019-10-11T14:26:00.000000000Z,33,1,15907,7887.750000000,7891.750000000,7887.250000000,7890.250000000,1425,NQZ9
2019-10-11T14:26:00.000000000Z,33,1,10204,7910.000000000,7910.250000000,7910.000000000,7910.250000000,4,NQH0
2019-10-11T14:27:00.000000000Z,33,1,15907,7890.500000000,7891.250000000,7888.250000000,7890.750000000,827,NQZ9
2019-10-11T14:28:00.000000000Z,33,1,15907,7890.500000000,7892.000000000,7889.250000000,7891.750000000,789,NQZ9
2019-10-11T14:29:00.000000000Z,33,1,15907,7891.500000000,7893.750000000,7891.250000000,7892.000000000,1217,NQZ9
2019-10-11T14:30:00.000000000Z,33,1,10204,7914.000000000,7914.000000000,7913.000000000,7914.000000000,5,NQH0
2019-10-11T14:30:00.000000000Z,33,1,15907,7892.250000000,7894.750000000,7890.500000000,7892.750000000,1508,NQZ9
2019-10-11T14:31:00.000000000Z,33,1,10204,7916.500000000,7916.500000000,7916.500000000,7916.500000000,1,NQH0
2019-10-11T14:31:00.000000000Z,33,1,15907,7892.750000000,7897.500000000,7892.750000000,7894.750000000,1587,NQZ9
2019-10-11T14:32:00.000000000Z,33,1,15907,7895.000000000,7897.000000000,7894.000000000,7895.500000000,992,NQZ9
2019-10-11T14:33:00.000000000Z,33,1,10204,7916.000000000,7916.000000000,7916.000000000,7916.000000000,2,NQH0
2019-10-11T14:33:00.000000000Z,33,1,15907,7895.750000000,7896.000000000,7889.750000000,7890.750000000,1327,NQZ9
2019-10-11T14:34:00.000000000Z,33,1,15907,7890.500000000,7893.750000000,7890.500000000,7891.750000000,972,NQZ9
2019-10-11T14:35:00.000000000Z,33,1,15907,7891.750000000,7894.500000000,7891.500000000,7894.250000000,669,NQZ9
2019-10-11T14:36:00.000000000Z,33,1,15907,7894.250000000,7895.500000000,7891.500000000,7891.500000000,659,NQZ9
2019-10-11T14:36:00.000000000Z,33,1,10204,7911.000000000,7911.000000000,7911.000000000,7911.000000000,1,NQH0
2019-10-11T14:37:00.000000000Z,33,1,15907,7891.500000000,7893.750000000,7890.250000000,7892.750000000,999,NQZ9
2019-10-11T14:38:00.000000000Z,33,1,15907,7892.750000000,7893.750000000,7889.000000000,7890.000000000,747,NQZ9
2019-10-11T14:39:00.000000000Z,33,1,15907,7889.750000000,7890.250000000,7885.250000000,7886.250000000,1267,NQZ9
2019-10-11T14:39:00.000000000Z,33,1,10204,7906.500000000,7906.500000000,7906.500000000,7906.500000000,1,NQH0
2019-10-11T14:40:00.000000000Z,33,1,15907,7886.250000000,7887.250000000,7880.250000000,7882.000000000,2075,NQZ9
2019-10-11T14:40:00.000000000Z,33,1,10204,7901.250000000,7901.250000000,7901.250000000,7901.250000000,3,NQH0
2019-10-11T14:41:00.000000000Z,33,1,15907,7882.250000000,7886.750000000,7882.250000000,7886.000000000,828,NQZ9
2019-10-11T14:41:00.000000000Z,33,1,10204,7905.000000000,7905.000000000,7905.000000000,7905.000000000,1,NQH0
2019-10-11T14:42:00.000000000Z,33,1,10204,7907.000000000,7907.000000000,7905.750000000,7905.750000000,2,NQH0
2019-10-11T14:42:00.000000000Z,33,1,15907,7885.750000000,7888.500000000,7884.000000000,7887.250000000,777,NQZ9
2019-10-11T14:43:00.000000000Z,33,1,15907,7887.500000000,7888.250000000,7883.750000000,7884.750000000,777,NQZ9
2019-10-11T14:44:00.000000000Z,33,1,15907,7884.750000000,7886.750000000,7881.000000000,7881.500000000,889,NQZ9
2019-10-11T14:45:00.000000000Z,33,1,15907,7881.500000000,7884.000000000,7879.250000000,7883.000000000,996,NQZ9
2019-10-11T14:46:00.000000000Z,33,1,15907,7883.000000000,7884.750000000,7881.500000000,7882.500000000,720,NQZ9
2019-10-11T14:47:00.000000000Z,33,1,15907,7882.750000000,7884.250000000,7882.250000000,7884.000000000,464,NQZ9
2019-10-11T14:48:00.000000000Z,33,1,15907,7884.000000000,7885.250000000,7881.750000000,7882.000000000,473,NQZ9
2019-10-11T14:49:00.000000000Z,33,1,15907,7882.000000000,7884.750000000,7881.750000000,7884.000000000,492,NQZ9
2019-10-11T14:49:00.000000000Z,33,1,10204,7902.000000000,7902.000000000,7902.000000000,7902.000000000,1,NQH0
2019-10-11T14:50:00.000000000Z,33,1,15907,7884.000000000,7888.000000000,7883.500000000,7887.500000000,685,NQZ9
2019-10-11T14:51:00.000000000Z,33,1,10204,7906.500000000,7906.500000000,7906.500000000,7906.500000000,2,NQH0
2019-10-11T14:51:00.000000000Z,33,1,15907,7887.500000000,7888.750000000,7886.250000000,7887.500000000,710,NQZ9
2019-10-11T14:52:00.000000000Z,33,1,15907,7887.500000000,7889.250000000,7887.000000000,7888.500000000,615,NQZ9
2019-10-11T14:52:00.000000000Z,33,1,10204,7908.000000000,7908.000000000,7908.000000000,7908.000000000,2,NQH0
2019-10-11T14:53:00.000000000Z,33,1,15907,7888.500000000,7889.000000000,7887.000000000,7888.250000000,380,NQZ9
2019-10-11T14:54:00.000000000Z,33,1,15907,7888.250000000,7888.500000000,7886.250000000,7887.750000000,540,NQZ9
2019-10-11T14:55:00.000000000Z,33,1,15907,7887.750000000,7890.250000000,7887.000000000,7887.500000000,578,NQZ9
2019-10-11T14:56:00.000000000Z,33,1,15907,7887.500000000,7890.000000000,7887.500000000,7889.250000000,352,NQZ9
2019-10-11T14:57:00.000000000Z,33,1,15907,7889.000000000,7891.500000000,7887.500000000,7891.000000000,774,NQZ9
2019-10-11T14:58:00.000000000Z,33,1,15907,7891.000000000,7891.000000000,7889.000000000,7890.000000000,357,NQZ9
2019-10-11T14:59:00.000000000Z,33,1,15907,7890.000000000,7890.000000000,7888.000000000,7889.000000000,347,NQZ9
2019-10-11T15:00:00.000000000Z,33,1,10204,7908.750000000,7908.750000000,7908.500000000,7908.500000000,7,NQH0
2019-10-11T15:00:00.000000000Z,33,1,15907,7889.000000000,7891.500000000,7889.000000000,7890.750000000,568,NQZ9
2019-10-11T15:01:00.000000000Z,33,1,10204,7912.500000000,7912.500000000,7912.500000000,7912.500000000,1,NQH0
2019-10-11T15:01:00.000000000Z,33,1,15907,7890.750000000,7894.750000000,7890.000000000,7893.000000000,1869,NQZ9
2019-10-11T15:02:00.000000000Z,33,1,15907,7892.750000000,7896.250000000,7891.750000000,7894.500000000,1121,NQZ9
2019-10-11T15:03:00.000000000Z,33,1,15907,7894.500000000,7897.000000000,7892.500000000,7896.000000000,904,NQZ9
2019-10-11T15:04:00.000000000Z,33,1,15907,7895.750000000,7897.750000000,7892.500000000,7892.500000000,1294,NQZ9
2019-10-11T15:04:00.000000000Z,33,1,10204,7914.000000000,7914.000000000,7914.000000000,7914.000000000,4,NQH0
2019-10-11T15:05:00.000000000Z,33,1,15907,7892.250000000,7893.750000000,7889.750000000,7890.000000000,1013,NQZ9
2019-10-11T15:06:00.000000000Z,33,1,15907,7889.750000000,7891.750000000,7888.500000000,7889.750000000,702,NQZ9
2019-10-11T15:07:00.000000000Z,33,1,10204,7908.500000000,7908.500000000,7908.500000000,7908.500000000,2,NQH0
2019-10-11T15:07:00.000000000Z,33,1,15907,7889.750000000,7893.250000000,7889.500000000,7892.500000000,729,NQZ9
2019-10-11T15:08:00.000000000Z,33,1,15907,7892.500000000,7897.250000000,7892.500000000,7895.750000000,1055,NQZ9
2019-10-11T15:09:00.000000000Z,33,1,15907,7895.750000000,7896.500000000,7892.250000000,7893.250000000,559,NQZ9
2019-10-11T15:10:00.000000000Z,33,1,15907,7893.500000000,7896.000000000,7892.250000000,7892.750000000,484,NQZ9
2019-10-11T15:11:00.000000000Z,33,1,15907,7893.000000000,7894.750000000,7892.250000000,7894.250000000,425,NQZ9
2019-10-11T15:12:00.000000000Z,33,1,15907,7894.000000000,7895.250000000,7892.250000000,7892.750000000,503,NQZ9
2019-10-11T15:13:00.000000000Z,33,1,15907,7892.750000000,7892.750000000,7889.250000000,7890.250000000,702,NQZ9
2019-10-11T15:14:00.000000000Z,33,1,15907,7890.500000000,7894.750000000,7890.500000000,7892.500000000,1105,NQZ9
2019-10-11T15:14:00.000000000Z,33,1,10204,7911.750000000,7911.750000000,7911.750000000,7911.750000000,3,NQH0
2019-10-11T15:15:00.000000000Z,33,1,15907,7892.250000000,7894.750000000,7891.500000000,7893.750000000,598,NQZ9
2019-10-11T15:16:00.000000000Z,33,1,15907,7893.750000000,7896.750000000,7893.000000000,7895.250000000,768,NQZ9
2019-10-11T15:17:00.000000000Z,33,1,15907,7895.250000000,7896.000000000,7893.000000000,7894.250000000,948,NQZ9
2019-10-11T15:18:00.000000000Z,33,1,15907,7894.000000000,7894.750000000,7892.250000000,7893.250000000,613,NQZ9
2019-10-11T15:19:00.000000000Z,33,1,10204,7917.750000000,7917.750000000,7917.750000000,7917.750000000,1,NQH0
2019-10-11T15:19:00.000000000Z,33,1,15907,7893.500000000,7899.750000000,7893.250000000,7895.750000000,1964,NQZ9
2019-10-11T15:20:00.000000000Z,33,1,10204,7918.500000000,7918.500000000,7918.500000000,7918.500000000,3,NQH0
2019-10-11T15:20:00.000000000Z,33,1,15907,7895.500000000,7901.000000000,7895.250000000,7899.250000000,2086,NQZ9
2019-10-11T15:21:00.000000000Z,33,1,15907,7899.250000000,7900.500000000,7894.750000000,7896.500000000,1401,NQZ9
2019-10-11T15:22:00.000000000Z,33,1,15907,7896.500000000,7898.000000000,7896.000000000,7897.000000000,591,NQZ9
2019-10-11T15:23:00.000000000Z,33,1,15907,7896.750000000,7897.500000000,7895.000000000,7895.250000000,687,NQZ9
2019-10-11T15:24:00.000000000Z,33,1,15907,7895.500000000,7896.250000000,7894.500000000,7895.250000000,502,NQZ9
2019-10-11T15:24:00.000000000Z,33,1,10204,7915.500000000,7915.500000000,7915.500000000,7915.500000000,1,NQH0
2019-10-11T15:25:00.000000000Z,33,1,15907,7895.250000000,7898.250000000,7895.250000000,7896.750000000,731,NQZ9
2019-10-11T15:26:00.000000000Z,33,1,15907,7896.750000000,7898.250000000,7896.000000000,7897.250000000,545,NQZ9
2019-10-11T15:27:00.000000000Z,33,1,15907,7897.250000000,7897.750000000,7896.750000000,7897.250000000,406,NQZ9
2019-10-11T15:28:00.000000000Z,33,1,15907,7897.250000000,7898.750000000,7897.250000000,7897.750000000,505,NQZ9
2019-10-11T15:29:00.000000000Z,33,1,15907,7898.000000000,7899.500000000,7897.750000000,7899.250000000,424,NQZ9
2019-10-11T15:30:00.000000000Z,33,1,15907,7899.500000000,7901.500000000,7897.500000000,7900.000000000,1003,NQZ9
2019-10-11T15:31:00.000000000Z,33,1,9346,20.050000000,20.050000000,20.050000000,20.050000000,1,NQZ9-NQH0
2019-10-11T15:31:00.000000000Z,33,1,10204,7923.000000000,7925.000000000,7923.000000000,7923.000000000,15,NQH0
2019-10-11T15:31:00.000000000Z,33,1,15907,7900.250000000,7909.000000000,7900.000000000,7904.500000000,2715,NQZ9
2019-10-11T15:32:00.000000000Z,33,1,15907,7904.750000000,7906.750000000,7904.500000000,7904.500000000,1272,NQZ9
2019-10-11T15:32:00.000000000Z,33,1,9346,20.150000000,20.150000000,20.150000000,20.150000000,1,NQZ9-NQH0
2019-10-11T15:33:00.000000000Z,33,1,10204,7927.500000000,7927.500000000,7927.500000000,7927.500000000,1,NQH0
2019-10-11T15:33:00.000000000Z,33,1,15907,7904.750000000,7907.500000000,7904.750000000,7907.250000000,824,NQZ9
2019-10-11T15:34:00.000000000Z,33,1,15907,7907.500000000,7911.750000000,7905.000000000,7906.250000000,1631,NQZ9
2019-10-11T15:35:00.000000000Z,33,1,15907,7906.250000000,7907.250000000,7905.500000000,7906.000000000,572,NQZ9
2019-10-11T15:36:00.000000000Z,33,1,15907,7906.250000000,7906.500000000,7904.500000000,7905.750000000,792,NQZ9
2019-10-11T15:36:00.000000000Z,33,1,10204,7925.250000000,7925.250000000,7925.250000000,7925.250000000,1,NQH0
2019-10-11T15:37:00.000000000Z,33,1,15907,7906.000000000,7907.500000000,7905.000000000,7905.500000000,663,NQZ9
2019-10-11T15:38:00.000000000Z,33,1,15907,7905.500000000,7906.000000000,7904.250000000,7905.250000000,481,NQZ9
2019-10-11T15:39:00.000000000Z,33,1,15907,7905.000000000,7905.500000000,7904.250000000,7904.500000000,346,NQZ9
2019-10-11T15:40:00.000000000Z,33,1,15907,7904.500000000,7905.500000000,7903.250000000,7904.000000000,679,NQZ9
2019-10-11T15:41:00.000000000Z,33,1,15907,7904.250000000,7905.000000000,7903.500000000,7905.000000000,442,NQZ9
2019-10-11T15:42:00.000000000Z,33,1,15907,7905.000000000,7905.250000000,7903.500000000,7904.500000000,376,NQZ9
2019-10-11T15:43:00.000000000Z,33,1,10204,7923.250000000,7923.250000000,7923.250000000,7923.250000000,1,NQH0
2019-10-11T15:43:00.000000000Z,33,1,15907,7904.250000000,7904.500000000,7901.250000000,7901.500000000,985,NQZ9
2019-10-11T15:44:00.000000000Z,33,1,10204,7921.500000000,7921.500000000,7921.250000000,7921.250000000,2,NQH0
2019-10-11T15:44:00.000000000Z,33,1,15907,7901.250000000,7902.500000000,7896.000000000,7897.750000000,1921,NQZ9
2019-10-11T15:45:00.000000000Z,33,1,10204,7914.250000000,7914.250000000,7914.250000000,7914.250000000,1,NQH0
2019-10-11T15:45:00.000000000Z,33,1,15907,7897.750000000,7898.750000000,7891.000000000,7892.750000000,2020,NQZ9
2019-10-11T15:46:00.000000000Z,33,1,15907,7892.750000000,7894.750000000,7891.000000000,7893.500000000,1189,NQZ9
2019-10-11T15:46:00.000000000Z,33,1,10204,7911.250000000,7911.250000000,7911.250000000,7911.250000000,10,NQH0
2019-10-11T15:47:00.000000000Z,33,1,10204,7910.250000000,7925.750000000,7910.250000000,7925.750000000,16,NQH0
2019-10-11T15:47:00.000000000Z,33,1,9346,20.050000000,20.050000000,20.050000000,20.050000000,3,NQZ9-NQH0
2019-10-11T15:47:00.000000000Z,33,1,15907,7893.500000000,7908.000000000,7885.000000000,7895.500000000,4464,NQZ9
2019-10-11T15:48:00.000000000Z,33,1,15907,7895.500000000,7896.250000000,7888.750000000,7892.250000000,1868,NQZ9
2019-10-11T15:49:00.000000000Z,33,1,15907,7892.000000000,7895.500000000,7890.750000000,7892.000000000,928,NQZ9
2019-10-11T15:50:00.000000000Z,33,1,10204,7908.750000000,7908.750000000,7908.750000000,7908.750000000,1,NQH0
2019-10-11T15:50:00.000000000Z,33,1,15907,7892.000000000,7892.250000000,7886.000000000,7887.500000000,1414,NQZ9
2019-10-11T15:51:00.000000000Z,33,1,10204,7908.000000000,7908.000000000,7908.000000000,7908.000000000,1,NQH0
2019-10-11T15:51:00.000000000Z,33,1,15907,7887.500000000,7889.500000000,7886.000000000,7887.250000000,812,NQZ9
2019-10-11T15:52:00.000000000Z,33,1,15907,7887.250000000,7887.750000000,7883.000000000,7884.250000000,1251,NQZ9
2019-10-11T15:52:00.000000000Z,33,1,10204,7906.250000000,7906.250000000,7905.250000000,7905.500000000,3,NQH0
2019-10-11T15:53:00.000000000Z,33,1,15907,7884.500000000,7887.500000000,7882.500000000,7884.750000000,838,NQZ9
2019-10-11T15:54:00.000000000Z,33,1,15907,7884.750000000,7885.250000000,7883.000000000,7884.000000000,383,NQZ9
2019-10-11T15:55:00.000000000Z,33,1,15907,7884.000000000,7886.000000000,7883.750000000,7884.500000000,543,NQZ9
2019-10-11T15:55:00.000000000Z,33,1,10204,7902.750000000,7902.750000000,7902.750000000,7902.750000000,20,NQH0
2019-10-11T15:56:00.000000000Z,33,1,15907,7884.500000000,7884.500000000,7881.000000000,7882.750000000,957,NQZ9
2019-10-11T15:57:00.000000000Z,33,1,10204,7903.000000000,7903.000000000,7903.000000000,7903.000000000,10,NQH0
2019-10-11T15:57:00.000000000Z,33,1,15907,7882.750000000,7884.500000000,7881.250000000,7882.500000000,480,NQZ9
2019-10-11T15:58:00.000000000Z,33,1,15907,7882.250000000,7885.500000000,7881.750000000,7882.250000000,720,NQZ9
2019-10-11T15:59:00.000000000Z,33,1,15907,7882.000000000,7886.500000000,7881.000000000,7885.250000000,564,NQZ9
2019-10-11T16:00:00.000000000Z,33,1,15907,7885.250000000,7888.750000000,7884.500000000,7886.500000000,849,NQZ9
2019-10-11T16:01:00.000000000Z,33,1,10204,7905.000000000,7905.000000000,7905.000000000,7905.000000000,1,NQH0
2019-10-11T16:01:00.000000000Z,33,1,15907,7886.500000000,7886.750000000,7881.250000000,7882.000000000,692,NQZ9
2019-10-11T16:02:00.000000000Z,33,1,10204,7901.250000000,7901.250000000,7898.250000000,7898.250000000,2,NQH0
2019-10-11T16:02:00.000000000Z,33,1,15907,7882.250000000,7882.250000000,7872.250000000,7876.000000000,2349,NQZ9
2019-10-11T16:03:00.000000000Z,33,1,15907,7876.250000000,7880.750000000,7875.250000000,7879.000000000,1061,NQZ9
2019-10-11T16:04:00.000000000Z,33,1,15907,7879.000000000,7880.000000000,7877.500000000,7879.250000000,525,NQZ9
2019-10-11T16:04:00.000000000Z,33,1,10204,7897.000000000,7897.000000000,7897.000000000,7897.000000000,10,NQH0
2019-10-11T16:05:00.000000000Z,33,1,15907,7879.250000000,7880.500000000,7876.250000000,7879.500000000,728,NQZ9
2019-10-11T16:06:00.000000000Z,33,1,15907,7879.750000000,7882.500000000,7878.500000000,7881.250000000,989,NQZ9
2019-10-11T16:06:00.000000000Z,33,1,10204,7900.500000000,7900.500000000,7900.500000000,7900.500000000,3,NQH0
2019-10-11T16:07:00.000000000Z,33,1,15907,7881.000000000,7882.000000000,7878.250000000,7879.500000000,471,NQZ9
2019-10-11T16:08:00.000000000Z,33,1,15907,7879.250000000,7882.250000000,7877.500000000,7881.750000000,404,NQZ9
2019-10-11T16:09:00.000000000Z,33,1,15907,7881.750000000,7883.000000000,7878.750000000,7879.250000000,445,NQZ9
2019-10-11T16:10:00.000000000Z,33,1,15907,7879.000000000,7882.000000000,7877.500000000,7879.750000000,500,NQZ9
2019-10-11T16:11:00.000000000Z,33,1,15907,7879.500000000,7879.750000000,7878.000000000,7878.500000000,403,NQZ9
2019-10-11T16:12:00.000000000Z,33,1,15907,7878.500000000,7882.500000000,7878.500000000,7882.250000000,428,NQZ9
2019-10-11T16:13:00.000000000Z,33,1,15907,7882.250000000,7883.750000000,7880.750000000,7882.500000000,642,NQZ9
2019-10-11T16:14:00.000000000Z,33,1,15907,7882.250000000,7884.250000000,7880.250000000,7881.250000000,649,NQZ9
2019-10-11T16:15:00.000000000Z,33,1,15907,7881.250000000,7881.750000000,7876.500000000,7876.750000000,845,NQZ9
2019-10-11T16:16:00.000000000Z,33,1,15907,7877.000000000,7877.500000000,7873.250000000,7876.750000000,983,NQZ9
2019-10-11T16:16:00.000000000Z,33,1,10204,7894.500000000,7898.250000000,7894.500000000,7898.250000000,2,NQH0
2019-10-11T16:17:00.000000000Z,33,1,15907,7876.500000000,7879.750000000,7876.000000000,7877.250000000,694,NQZ9
2019-10-11T16:18:00.000000000Z,33,1,15907,7877.000000000,7878.500000000,7876.000000000,7877.750000000,508,NQZ9
2019-10-11T16:19:00.000000000Z,33,1,15907,7877.750000000,7879.250000000,7876.750000000,7878.250000000,313,NQZ9
2019-10-11T16:20:00.000000000Z,33,1,15907,7878.000000000,7879.250000000,7877.500000000,7878.000000000,340,NQZ9
2019-10-11T16:21:00.000000000Z,33,1,15907,7878.000000000,7879.000000000,7876.000000000,7876.750000000,388,NQZ9
2019-10-11T16:22:00.000000000Z,33,1,15907,7876.750000000,7880.250000000,7876.250000000,7879.500000000,532,NQZ9
2019-10-11T16:23:00.000000000Z,33,1,15907,7879.750000000,7883.250000000,7879.000000000,7882.250000000,734,NQZ9
2019-10-11T16:24:00.000000000Z,33,1,15907,7882.000000000,7883.250000000,7881.250000000,7883.000000000,584,NQZ9
2019-10-11T16:25:00.000000000Z,33,1,15907,7883.000000000,7883.750000000,7881.000000000,7882.000000000,408,NQZ9
2019-10-11T16:26:00.000000000Z,33,1,15907,7882.250000000,7882.750000000,7881.000000000,7882.000000000,308,NQZ9
2019-10-11T16:27:00.000000000Z,33,1,15907,7882.000000000,7885.000000000,7881.500000000,7883.500000000,462,NQZ9
2019-10-11T16:28:00.000000000Z,33,1,15907,7883.250000000,7884.500000000,7881.500000000,7882.000000000,249,NQZ9
2019-10-11T16:29:00.000000000Z,33,1,15907,7882.000000000,7883.250000000,7880.500000000,7882.750000000,549,NQZ9
2019-10-11T16:30:00.000000000Z,33,1,15907,7882.750000000,7885.000000000,7881.000000000,7881.000000000,407,NQZ9
2019-10-11T16:31:00.000000000Z,33,1,15907,7881.250000000,7882.750000000,7881.000000000,7882.500000000,388,NQZ9
2019-10-11T16:32:00.000000000Z,33,1,15907,7882.500000000,7882.500000000,7839.500000000,7864.000000000,10495,NQZ9
2019-10-11T16:32:00.000000000Z,33,1,10204,7901.250000000,7901.250000000,7870.250000000,7870.250000000,14,NQH0
2019-10-11T16:33:00.000000000Z,33,1,15907,7864.250000000,7872.500000000,7857.250000000,7870.000000000,2011,NQZ9
2019-10-11T16:34:00.000000000Z,33,1,15907,7869.500000000,7871.750000000,7864.000000000,7871.500000000,805,NQZ9
2019-10-11T16:35:00.000000000Z,33,1,10204,7894.000000000,7894.000000000,7894.000000000,7894.000000000,1,NQH0
2019-10-11T16:35:00.000000000Z,33,1,15907,7871.750000000,7875.250000000,7869.000000000,7875.250000000,843,NQZ9
2019-10-11T16:36:00.000000000Z,33,1,15907,7875.000000000,7878.000000000,7872.500000000,7873.750000000,607,NQZ9
2019-10-11T16:37:00.000000000Z,33,1,15907,7873.250000000,7875.750000000,7870.500000000,7874.500000000,723,NQZ9
2019-10-11T16:38:00.000000000Z,33,1,15907,7874.500000000,7877.000000000,7871.250000000,7872.500000000,456,NQZ9
2019-10-11T16:38:00.000000000Z,33,1,10204,7894.000000000,7896.000000000,7894.000000000,7896.000000000,2,NQH0
2019-10-11T16:39:00.000000000Z,33,1,15907,7872.250000000,7873.000000000,7868.750000000,7871.750000000,689,NQZ9
2019-10-11T16:39:00.000000000Z,33,1,10204,7889.500000000,7889.500000000,7889.500000000,7889.500000000,1,NQH0
2019-10-11T16:40:00.000000000Z,33,1,15907,7871.500000000,7873.250000000,7867.500000000,7868.750000000,742,NQZ9
2019-10-11T16:40:00.000000000Z,33,1,10204,7888.250000000,7888.250000000,7888.250000000,7888.250000000,1,NQH0
2019-10-11T16:41:00.000000000Z,33,1,10204,7890.000000000,7890.000000000,7890.000000000,7890.000000000,1,NQH0
2019-10-11T16:41:00.000000000Z,33,1,15907,7868.750000000,7873.250000000,7868.250000000,7872.750000000,476,NQZ9
2019-10-11T16:42:00.000000000Z,33,1,15907,7872.750000000,7878.750000000,7872.750000000,7875.000000000,758,NQZ9
2019-10-11T16:42:00.000000000Z,33,1,10204,7897.000000000,7897.000000000,7897.000000000,7897.000000000,1,NQH0
2019-10-11T16:43:00.000000000Z,33,1,15907,7875.250000000,7876.750000000,7874.000000000,7874.250000000,331,NQZ9
2019-10-11T16:44:00.000000000Z,33,1,15907,7874.750000000,7876.000000000,7874.000000000,7875.750000000,291,NQZ9
2019-10-11T16:45:00.000000000Z,33,1,15907,7875.500000000,7881.750000000,7874.750000000,7881.000000000,800,NQZ9
2019-10-11T16:46:00.000000000Z,33,1,15907,7881.000000000,7881.750000000,7878.500000000,7879.000000000,395,NQZ9
2019-10-11T16:47:00.000000000Z,33,1,15907,7879.250000000,7881.250000000,7878.750000000,7879.250000000,326,NQZ9
2019-10-11T16:48:00.000000000Z,33,1,15907,7879.000000000,7880.750000000,7878.750000000,7880.000000000,606,NQZ9
2019-10-11T16:48:00.000000000Z,33,1,10204,7900.000000000,7900.000000000,7900.000000000,7900.000000000,1,NQH0
2019-10-11T16:49:00.000000000Z,33,1,15907,7880.000000000,7880.250000000,7877.250000000,7878.500000000,451,NQZ9
2019-10-11T16:50:00.000000000Z,33,1,15907,7878.500000000,7882.000000000,7878.250000000,7881.500000000,510,NQZ9
2019-10-11T16:51:00.000000000Z,33,1,15907,7881.750000000,7882.500000000,7880.250000000,7882.250000000,320,NQZ9
2019-10-11T16:52:00.000000000Z,33,1,15907,7882.500000000,7883.000000000,7879.750000000,7881.500000000,365,NQZ9
2019-10-11T16:53:00.000000000Z,33,1,15907,7881.750000000,7892.750000000,7881.250000000,7887.000000000,1906,NQZ9
2019-10-11T16:53:00.000000000Z,33,1,10204,7906.750000000,7910.000000000,7906.750000000,7910.000000000,6,NQH0
2019-10-11T16:54:00.000000000Z,33,1,15907,7886.750000000,7887.000000000,7882.750000000,7884.000000000,971,NQZ9
2019-10-11T16:55:00.000000000Z,33,1,15907,7884.000000000,7889.000000000,7884.000000000,7888.250000000,602,NQZ9
2019-10-11T16:56:00.000000000Z,33,1,15907,7888.000000000,7889.500000000,7886.250000000,7886.250000000,683,NQZ9
2019-10-11T16:57:00.000000000Z,33,1,15907,7886.500000000,7887.750000000,7884.000000000,7884.500000000,492,NQZ9
2019-10-11T16:58:00.000000000Z,33,1,15907,7884.250000000,7888.500000000,7884.250000000,7887.750000000,417,NQZ9
2019-10-11T16:59:00.000000000Z,33,1,15907,7888.000000000,7889.250000000,7886.750000000,7889.000000000,430,NQZ9
2019-10-11T17:00:00.000000000Z,33,1,15907,7889.000000000,7889.250000000,7887.750000000,7888.000000000,314,NQZ9
2019-10-11T17:01:00.000000000Z,33,1,15907,7888.250000000,7891.750000000,7887.000000000,7891.250000000,502,NQZ9
2019-10-11T17:02:00.000000000Z,33,1,15907,7891.000000000,7891.000000000,7885.250000000,7885.250000000,539,NQZ9
2019-10-11T17:03:00.000000000Z,33,1,15907,7885.500000000,7889.250000000,7884.000000000,7887.250000000,749,NQZ9
2019-10-11T17:04:00.000000000Z,33,1,9346,20.250000000,20.250000000,20.250000000,20.250000000,1,NQZ9-NQH0
2019-10-11T17:04:00.000000000Z,33,1,31897,36.500000000,36.500000000,36.500000000,36.500000000,2,NQZ9-NQM0
2019-10-11T17:04:00.000000000Z,33,1,15907,7887.000000000,7887.750000000,7886.250000000,7887.250000000,411,NQZ9
2019-10-11T17:05:00.000000000Z,33,1,15907,7887.000000000,7888.750000000,7885.500000000,7886.000000000,337,NQZ9
2019-10-11T17:06:00.000000000Z,33,1,15907,7886.500000000,7888.250000000,7886.000000000,7886.250000000,345,NQZ9
2019-10-11T17:07:00.000000000Z,33,1,15907,7886.750000000,7887.250000000,7885.750000000,7886.000000000,345,NQZ9
2019-10-11T17:08:00.000000000Z,33,1,15907,7886.000000000,7887.250000000,7884.750000000,7885.000000000,411,NQZ9
2019-10-11T17:09:00.000000000Z,33,1,15907,7884.750000000,7886.250000000,7883.500000000,7884.250000000,363,NQZ9
2019-10-11T17:10:00.000000000Z,33,1,15907,7884.000000000,7887.250000000,7883.500000000,7886.000000000,369,NQZ9
2019-10-11T17:11:00.000000000Z,33,1,15907,7886.000000000,7886.500000000,7882.750000000,7884.250000000,386,NQZ9
2019-10-11T17:12:00.000000000Z,33,1,15907,7884.250000000,7885.000000000,7882.750000000,7883.500000000,249,NQZ9
2019-10-11T17:13:00.000000000Z,33,1,15907,7883.250000000,7883.250000000,7879.500000000,7880.750000000,651,NQZ9
2019-10-11T17:14:00.000000000Z,33,1,15907,7880.750000000,7886.000000000,7876.000000000,7877.000000000,1150,NQZ9
2019-10-11T17:14:00.000000000Z,33,1,10204,7902.000000000,7903.000000000,7902.000000000,7903.000000000,7,NQH0
2019-10-11T17:15:00.000000000Z,33,1,15907,7877.000000000,7881.500000000,7876.500000000,7881.250000000,515,NQZ9
2019-10-11T17:16:00.000000000Z,33,1,15907,7881.000000000,7882.750000000,7880.500000000,7882.000000000,676,NQZ9
2019-10-11T17:17:00.000000000Z,33,1,15907,7882.000000000,7882.750000000,7877.500000000,7878.000000000,457,NQZ9
2019-10-11T17:18:00.000000000Z,33,1,15907,7878.250000000,7882.000000000,7876.750000000,7881.750000000,658,NQZ9
2019-10-11T17:19:00.000000000Z,33,1,15907,7881.750000000,7882.000000000,7878.750000000,7880.000000000,407,NQZ9
2019-10-11T17:20:00.000000000Z,33,1,15907,7880.000000000,7881.500000000,7876.500000000,7876.500000000,1179,NQZ9
2019-10-11T17:21:00.000000000Z,33,1,15907,7876.750000000,7879.500000000,7876.750000000,7879.000000000,381,NQZ9
2019-10-11T17:22:00.000000000Z,33,1,15907,7879.500000000,7881.250000000,7878.750000000,7879.000000000,447,NQZ9
2019-10-11T17:23:00.000000000Z,33,1,15907,7879.000000000,7879.750000000,7877.750000000,7878.000000000,189,NQZ9
2019-10-11T17:24:00.000000000Z,33,1,15907,7878.250000000,7880.750000000,7877.750000000,7879.000000000,288,NQZ9
2019-10-11T17:25:00.000000000Z,33,1,15907,7878.750000000,7881.750000000,7877.750000000,7880.750000000,455,NQZ9
2019-10-11T17:25:00.000000000Z,33,1,9346,20.050000000,20.050000000,20.050000000,20.050000000,1,NQZ9-NQH0
2019-10-11T17:26:00.000000000Z,33,1,9346,19.950000000,19.950000000,19.950000000,19.950000000,4,NQZ9-NQH0
2019-10-11T17:26:00.000000000Z,33,1,10204,7902.750000000,7923.250000000,7902.750000000,7923.250000000,13,NQH0
2019-10-11T17:26:00.000000000Z,33,1,15907,7880.750000000,7905.500000000,7879.250000000,7902.500000000,3473,NQZ9
2019-10-11T17:27:00.000000000Z,33,1,15907,7902.000000000,7904.750000000,7891.750000000,7900.750000000,3611,NQZ9
2019-10-11T17:27:00.000000000Z,33,1,10204,7918.500000000,7920.000000000,7918.500000000,7920.000000000,6,NQH0
2019-10-11T17:27:00.000000000Z,33,1,9346,19.950000000,19.950000000,19.950000000,19.950000000,1,NQZ9-NQH0
2019-10-11T17:28:00.000000000Z,33,1,15907,7901.000000000,7904.500000000,7891.500000000,7893.000000000,1791,NQZ9
2019-10-11T17:29:00.000000000Z,33,1,15907,7893.250000000,7897.250000000,7884.250000000,7886.500000000,1520,NQZ9
2019-10-11T17:30:00.000000000Z,33,1,15907,7887.000000000,7891.250000000,7879.000000000,7885.000000000,1500,NQZ9
2019-10-11T17:31:00.000000000Z,33,1,15907,7884.750000000,7891.750000000,7883.500000000,7890.500000000,998,NQZ9
2019-10-11T17:32:00.000000000Z,33,1,15907,7891.000000000,7893.500000000,7889.000000000,7893.000000000,766,NQZ9
2019-10-11T17:33:00.000000000Z,33,1,15907,7893.250000000,7894.750000000,7890.500000000,7893.250000000,588,NQZ9
2019-10-11T17:34:00.000000000Z,33,1,15907,7893.250000000,7896.250000000,7892.250000000,7893.000000000,627,NQZ9
2019-10-11T17:35:00.000000000Z,33,1,15907,7892.500000000,7897.750000000,7892.500000000,7896.250000000,463,NQZ9
2019-10-11T17:36:00.000000000Z,33,1,15907,7896.000000000,7896.750000000,7893.250000000,7895.000000000,523,NQZ9
2019-10-11T17:37:00.000000000Z,33,1,15907,7894.750000000,7896.500000000,7893.500000000,7894.500000000,389,NQZ9
2019-10-11T17:38:00.000000000Z,33,1,15907,7894.250000000,7896.250000000,7892.250000000,7894.750000000,409,NQZ9
2019-10-11T17:39:00.000000000Z,33,1,15907,7894.250000000,7894.500000000,7892.250000000,7893.500000000,268,NQZ9
2019-10-11T17:40:00.000000000Z,33,1,15907,7893.500000000,7897.250000000,7893.500000000,7895.000000000,457,NQZ9
2019-10-11T17:40:00.000000000Z,33,1,10204,7915.500000000,7915.500000000,7915.500000000,7915.500000000,3,NQH0
2019-10-11T17:41:00.000000000Z,33,1,15907,7895.000000000,7899.000000000,7894.750000000,7898.250000000,344,NQZ9
2019-10-11T17:42:00.000000000Z,33,1,15907,7898.750000000,7899.500000000,7895.750000000,7898.250000000,336,NQZ9
2019-10-11T17:43:00.000000000Z,33,1,15907,7898.000000000,7902.000000000,7898.000000000,7898.750000000,567,NQZ9
2019-10-11T17:44:00.000000000Z,33,1,15907,7899.000000000,7902.750000000,7899.000000000,7902.500000000,430,NQZ9
2019-10-11T17:44:00.000000000Z,33,1,10204,7922.000000000,7922.000000000,7922.000000000,7922.000000000,1,NQH0
2019-10-11T17:45:00.000000000Z,33,1,9346,20.250000000,20.250000000,20.250000000,20.250000000,1,NQZ9-NQH0
2019-10-11T17:45:00.000000000Z,33,1,15907,7902.000000000,7903.000000000,7899.500000000,7900.000000000,308,NQZ9
2019-10-11T17:46:00.000000000Z,33,1,15907,7900.000000000,7902.000000000,7899.750000000,7901.500000000,352,NQZ9
2019-10-11T17:47:00.000000000Z,33,1,15907,7901.250000000,7903.000000000,7900.500000000,7901.250000000,371,NQZ9
2019-10-11T17:47:00.000000000Z,33,1,10204,7922.000000000,7922.000000000,7922.000000000,7922.000000000,1,NQH0
2019-10-11T17:48:00.000000000Z,33,1,15907,7901.250000000,7901.250000000,7899.250000000,7900.750000000,355,NQZ9
2019-10-11T17:49:00.000000000Z,33,1,15907,7900.500000000,7902.250000000,7900.000000000,7901.750000000,343,NQZ9
2019-10-11T17:50:00.000000000Z,33,1,15907,7901.750000000,7905.000000000,7901.500000000,7902.750000000,625,NQZ9
2019-10-11T17:51:00.000000000Z,33,1,15907,7903.000000000,7903.250000000,7898.000000000,7898.250000000,644,NQZ9
2019-10-11T17:52:00.000000000Z,33,1,15907,7898.500000000,7900.250000000,7897.000000000,7899.750000000,336,NQZ9
2019-10-11T17:53:00.000000000Z,33,1,15907,7899.750000000,7899.750000000,7897.000000000,7899.250000000,387,NQZ9
2019-10-11T17:54:00.000000000Z,33,1,15907,7899.000000000,7902.250000000,7899.000000000,7902.000000000,359,NQZ9
2019-10-11T17:55:00.000000000Z,33,1,15907,7901.750000000,7904.000000000,7900.500000000,7903.250000000,359,NQZ9
2019-10-11T17:56:00.000000000Z,33,1,15907,7903.250000000,7907.250000000,7903.000000000,7906.250000000,514,NQZ9
2019-10-11T17:57:00.000000000Z,33,1,15907,7906.250000000,7906.500000000,7904.250000000,7904.750000000,403,NQZ9
2019-10-11T17:58:00.000000000Z,33,1,15907,7904.750000000,7904.750000000,7902.000000000,7903.500000000,358,NQZ9
2019-10-11T17:59:00.000000000Z,33,1,15907,7903.750000000,7904.000000000,7902.250000000,7903.500000000,200,NQZ9
2019-10-11T18:00:00.000000000Z,33,1,15907,7903.500000000,7904.000000000,7900.250000000,7900.250000000,368,NQZ9
2019-10-11T18:01:00.000000000Z,33,1,15907,7900.250000000,7902.750000000,7900.250000000,7901.250000000,288,NQZ9
2019-10-11T18:02:00.000000000Z,33,1,15907,7901.750000000,7902.750000000,7900.000000000,7901.250000000,270,NQZ9
2019-10-11T18:03:00.000000000Z,33,1,15907,7901.500000000,7902.000000000,7897.500000000,7899.500000000,438,NQZ9
2019-10-11T18:04:00.000000000Z,33,1,15907,7899.500000000,7900.500000000,7898.000000000,7898.000000000,278,NQZ9
2019-10-11T18:05:00.000000000Z,33,1,10204,7920.000000000,7920.000000000,7920.000000000,7920.000000000,1,NQH0
2019-10-11T18:05:00.000000000Z,33,1,15907,7898.500000000,7901.500000000,7898.250000000,7901.000000000,348,NQZ9
2019-10-11T18:06:00.000000000Z,33,1,15907,7900.750000000,7901.250000000,7899.000000000,7900.250000000,237,NQZ9
2019-10-11T18:07:00.000000000Z,33,1,15907,7900.500000000,7902.500000000,7899.500000000,7900.500000000,343,NQZ9
2019-10-11T18:08:00.000000000Z,33,1,15907,7900.750000000,7902.000000000,7900.000000000,7900.250000000,206,NQZ9
2019-10-11T18:09:00.000000000Z,33,1,15907,7900.000000000,7900.500000000,7898.500000000,7898.500000000,287,NQZ9
2019-10-11T18:10:00.000000000Z,33,1,15907,7898.500000000,7900.000000000,7890.750000000,7897.000000000,1028,NQZ9
2019-10-11T18:10:00.000000000Z,33,1,10204,7918.000000000,7918.000000000,7913.500000000,7913.500000000,3,NQH0
2019-10-11T18:11:00.000000000Z,33,1,15907,7896.750000000,7898.500000000,7895.000000000,7896.750000000,414,NQZ9
2019-10-11T18:12:00.000000000Z,33,1,15907,7896.500000000,7898.000000000,7895.500000000,7896.250000000,306,NQZ9
2019-10-11T18:13:00.000000000Z,33,1,15907,7896.250000000,7896.750000000,7894.000000000,7894.250000000,248,NQZ9
2019-10-11T18:14:00.000000000Z,33,1,15907,7894.000000000,7895.750000000,7893.250000000,7895.500000000,301,NQZ9
2019-10-11T18:15:00.000000000Z,33,1,15907,7895.500000000,7898.500000000,7895.500000000,7898.250000000,308,NQZ9
2019-10-11T18:16:00.000000000Z,33,1,15907,7898.500000000,7899.500000000,7897.250000000,7897.750000000,270,NQZ9
2019-10-11T18:17:00.000000000Z,33,1,15907,7897.750000000,7898.250000000,7895.000000000,7895.750000000,220,NQZ9
2019-10-11T18:18:00.000000000Z,33,1,15907,7895.750000000,7896.750000000,7893.500000000,7896.750000000,263,NQZ9
2019-10-11T18:19:00.000000000Z,33,1,15907,7897.000000000,7901.000000000,7896.500000000,7900.000000000,348,NQZ9
2019-10-11T18:20:00.000000000Z,33,1,15907,7899.750000000,7900.750000000,7897.250000000,7898.000000000,298,NQZ9
2019-10-11T18:21:00.000000000Z,33,1,15907,7898.250000000,7900.500000000,7897.250000000,7899.750000000,276,NQZ9
2019-10-11T18:22:00.000000000Z,33,1,15907,7899.500000000,7901.000000000,7899.000000000,7900.250000000,189,NQZ9
2019-10-11T18:23:00.000000000Z,33,1,15907,7900.500000000,7901.500000000,7899.750000000,7900.250000000,311,NQZ9
2019-10-11T18:24:00.000000000Z,33,1,15907,7900.000000000,7902.250000000,7899.250000000,7901.750000000,603,NQZ9
2019-10-11T18:25:00.000000000Z,33,1,15907,7901.750000000,7903.750000000,7900.250000000,7903.500000000,528,NQZ9
2019-10-11T18:26:00.000000000Z,33,1,9346,20.100000000,20.100000000,20.100000000,20.100000000,5,NQZ9-NQH0
2019-10-11T18:26:00.000000000Z,33,1,15907,7903.250000000,7906.250000000,7902.750000000,7905.750000000,612,NQZ9
2019-10-11T18:27:00.000000000Z,33,1,15907,7906.000000000,7906.750000000,7905.000000000,7906.250000000,420,NQZ9
2019-10-11T18:28:00.000000000Z,33,1,15907,7906.500000000,7906.750000000,7904.500000000,7905.250000000,257,NQZ9
2019-10-11T18:29:00.000000000Z,33,1,15907,7905.500000000,7905.500000000,7903.250000000,7904.000000000,238,NQZ9
2019-10-11T18:30:00.000000000Z,33,1,15907,7904.250000000,7905.500000000,7903.500000000,7904.750000000,229,NQZ9
2019-10-11T18:31:00.000000000Z,33,1,15907,7904.750000000,7905.750000000,7904.000000000,7905.000000000,145,NQZ9
2019-10-11T18:32:00.000000000Z,33,1,15907,7905.000000000,7906.500000000,7904.500000000,7906.250000000,267,NQZ9
2019-10-11T18:33:00.000000000Z,33,1,15907,7906.250000000,7906.500000000,7904.750000000,7906.500000000,190,NQZ9
2019-10-11T18:34:00.000000000Z,33,1,15907,7906.500000000,7907.500000000,7905.000000000,7905.750000000,317,NQZ9
2019-10-11T18:35:00.000000000Z,33,1,15907,7905.750000000,7905.750000000,7903.750000000,7905.000000000,179,NQZ9
2019-10-11T18:36:00.000000000Z,33,1,15907,7904.750000000,7906.000000000,7904.250000000,7904.750000000,135,NQZ9
2019-10-11T18:37:00.000000000Z,33,1,15907,7905.000000000,7906.250000000,7903.000000000,7903.250000000,202,NQZ9
2019-10-11T18:38:00.000000000Z,33,1,15907,7903.000000000,7905.000000000,7902.750000000,7904.500000000,174,NQZ9
2019-10-11T18:39:00.000000000Z,33,1,15907,7905.000000000,7907.250000000,7905.000000000,7906.500000000,272,NQZ9
2019-10-11T18:40:00.000000000Z,33,1,15907,7906.750000000,7909.000000000,7906.500000000,7907.250000000,575,NQZ9
2019-10-11T18:40:00.000000000Z,33,1,10204,7927.500000000,7927.500000000,7927.500000000,7927.500000000,1,NQH0
2019-10-11T18:41:00.000000000Z,33,1,15907,7907.000000000,7907.250000000,7905.250000000,7906.500000000,290,NQZ9
2019-10-11T18:42:00.000000000Z,33,1,15907,7906.500000000,7906.750000000,7905.000000000,7906.000000000,207,NQZ9
2019-10-11T18:43:00.000000000Z,33,1,9346,20.000000000,20.000000000,20.000000000,20.000000000,10,NQZ9-NQH0
2019-10-11T18:43:00.000000000Z,33,1,15907,7906.250000000,7907.500000000,7906.000000000,7907.000000000,170,NQZ9
2019-10-11T18:44:00.000000000Z,33,1,15907,7907.000000000,7908.250000000,7906.750000000,7907.500000000,140,NQZ9
2019-10-11T18:45:00.000000000Z,33,1,15907,7907.750000000,7909.500000000,7907.000000000,7908.500000000,480,NQZ9
2019-10-11T18:46:00.000000000Z,33,1,15907,7908.500000000,7910.000000000,7907.750000000,7909.250000000,753,NQZ9
2019-10-11T18:47:00.000000000Z,33,1,15907,7909.500000000,7909.750000000,7907.750000000,7907.750000000,269,NQZ9
2019-10-11T18:48:00.000000000Z,33,1,15907,7908.000000000,7908.000000000,7905.000000000,7906.250000000,434,NQZ9
2019-10-11T18:49:00.000000000Z,33,1,15907,7906.500000000,7907.500000000,7906.000000000,7906.750000000,220,NQZ9
2019-10-11T18:50:00.000000000Z,33,1,15907,7906.750000000,7908.750000000,7905.750000000,7908.500000000,335,NQZ9
2019-10-11T18:51:00.000000000Z,33,1,15907,7908.250000000,7908.500000000,7906.750000000,7908.000000000,247,NQZ9
2019-10-11T18:52:00.000000000Z,33,1,15907,7908.000000000,7909.750000000,7907.500000000,7908.500000000,256,NQZ9
2019-10-11T18:52:00.000000000Z,33,1,10204,7929.750000000,7929.750000000,7929.750000000,7929.750000000,1,NQH0
2019-10-11T18:53:00.000000000Z,33,1,10204,7926.250000000,7926.250000000,7926.250000000,7926.250000000,2,NQH0
2019-10-11T18:53:00.000000000Z,33,1,15907,7908.500000000,7908.750000000,7905.750000000,7907.250000000,317,NQZ9
2019-10-11T18:54:00.000000000Z,33,1,15907,7907.500000000,7908.000000000,7906.250000000,7907.000000000,231,NQZ9
2019-10-11T18:55:00.000000000Z,33,1,15907,7907.000000000,7907.750000000,7906.000000000,7907.500000000,182,NQZ9
2019-10-11T18:56:00.000000000Z,33,1,15907,7907.500000000,7908.000000000,7905.750000000,7906.750000000,220,NQZ9
2019-10-11T18:57:00.000000000Z,33,1,15907,7906.750000000,7907.500000000,7904.000000000,7905.250000000,533,NQZ9
2019-10-11T18:58:00.000000000Z,33,1,15907,7905.000000000,7905.500000000,7903.000000000,7904.750000000,308,NQZ9
2019-10-11T18:59:00.000000000Z,33,1,15907,7905.000000000,7907.750000000,7904.000000000,7907.000000000,465,NQZ9
2019-10-11T19:00:00.000000000Z,33,1,15907,7907.250000000,7907.250000000,7903.250000000,7905.250000000,409,NQZ9
2019-10-11T19:01:00.000000000Z,33,1,15907,7905.500000000,7905.750000000,7903.750000000,7905.250000000,286,NQZ9
2019-10-11T19:02:00.000000000Z,33,1,15907,7905.250000000,7907.000000000,7904.250000000,7906.250000000,279,NQZ9
2019-10-11T19:03:00.000000000Z,33,1,15907,7906.000000000,7906.750000000,7905.000000000,7905.500000000,132,NQZ9
2019-10-11T19:04:00.000000000Z,33,1,15907,7905.750000000,7906.000000000,7900.500000000,7902.500000000,572,NQZ9
2019-10-11T19:05:00.000000000Z,33,1,15907,7902.250000000,7905.000000000,7901.000000000,7902.500000000,912,NQZ9
2019-10-11T19:06:00.000000000Z,33,1,15907,7902.250000000,7905.000000000,7901.250000000,7904.500000000,472,NQZ9
2019-10-11T19:07:00.000000000Z,33,1,15907,7904.500000000,7905.750000000,7902.500000000,7903.750000000,299,NQZ9
2019-10-11T19:08:00.000000000Z,33,1,15907,7903.750000000,7905.500000000,7903.750000000,7905.000000000,287,NQZ9
2019-10-11T19:09:00.000000000Z,33,1,15907,7905.000000000,7908.250000000,7905.000000000,7906.500000000,389,NQZ9
2019-10-11T19:10:00.000000000Z,33,1,15907,7906.250000000,7906.250000000,7904.000000000,7905.750000000,302,NQZ9
2019-10-11T19:11:00.000000000Z,33,1,15907,7905.500000000,7907.500000000,7905.250000000,7907.500000000,263,NQZ9
2019-10-11T19:12:00.000000000Z,33,1,15907,7907.500000000,7910.750000000,7907.250000000,7909.000000000,583,NQZ9
2019-10-11T19:13:00.000000000Z,33,1,15907,7908.750000000,7910.250000000,7908.250000000,7910.000000000,444,NQZ9
2019-10-11T19:14:00.000000000Z,33,1,15907,7909.750000000,7910.500000000,7908.500000000,7909.250000000,317,NQZ9
2019-10-11T19:15:00.000000000Z,33,1,15907,7909.500000000,7910.000000000,7908.000000000,7909.000000000,202,NQZ9
2019-10-11T19:16:00.000000000Z,33,1,15907,7908.750000000,7909.500000000,7907.750000000,7909.250000000,197,NQZ9
2019-10-11T19:17:00.000000000Z,33,1,15907,7909.250000000,7909.750000000,7908.250000000,7909.500000000,169,NQZ9
2019-10-11T19:18:00.000000000Z,33,1,15907,7909.750000000,7909.750000000,7908.500000000,7909.000000000,220,NQZ9
2019-10-11T19:19:00.000000000Z,33,1,15907,7909.250000000,7909.750000000,7905.500000000,7908.500000000,520,NQZ9
2019-10-11T19:20:00.000000000Z,33,1,15907,7908.500000000,7909.000000000,7907.500000000,7908.000000000,219,NQZ9
2019-10-11T19:21:00.000000000Z,33,1,10204,7927.500000000,7927.500000000,7927.500000000,7927.500000000,1,NQH0
2019-10-11T19:21:00.000000000Z,33,1,15907,7908.000000000,7909.000000000,7906.750000000,7907.500000000,233,NQZ9
2019-10-11T19:22:00.000000000Z,33,1,15907,7907.500000000,7909.250000000,7907.250000000,7907.750000000,220,NQZ9
2019-10-11T19:23:00.000000000Z,33,1,10204,7927.000000000,7927.000000000,7927.000000000,7927.000000000,1,NQH0
2019-10-11T19:23:00.000000000Z,33,1,15907,7907.750000000,7910.750000000,7905.000000000,7905.750000000,906,NQZ9
2019-10-11T19:24:00.000000000Z,33,1,15907,7905.750000000,7908.250000000,7905.750000000,7908.250000000,277,NQZ9
2019-10-11T19:25:00.000000000Z,33,1,15907,7908.250000000,7909.750000000,7906.750000000,7908.500000000,536,NQZ9
2019-10-11T19:26:00.000000000Z,33,1,15907,7908.500000000,7909.250000000,7908.000000000,7908.500000000,235,NQZ9
2019-10-11T19:27:00.000000000Z,33,1,15907,7908.000000000,7910.000000000,7907.500000000,7909.250000000,286,NQZ9
2019-10-11T19:28:00.000000000Z,33,1,15907,7909.250000000,7909.750000000,7907.250000000,7908.500000000,231,NQZ9
2019-10-11T19:29:00.000000000Z,33,1,15907,7908.500000000,7909.250000000,7907.500000000,7908.000000000,239,NQZ9
2019-10-11T19:30:00.000000000Z,33,1,15907,7908.250000000,7909.250000000,7906.750000000,7907.000000000,324,NQZ9
2019-10-11T19:31:00.000000000Z,33,1,15907,7907.000000000,7907.000000000,7894.500000000,7897.750000000,1560,NQZ9
2019-10-11T19:32:00.000000000Z,33,1,15907,7898.000000000,7901.000000000,7897.500000000,7899.750000000,798,NQZ9
2019-10-11T19:33:00.000000000Z,33,1,15907,7899.500000000,7905.500000000,7898.750000000,7905.500000000,638,NQZ9
2019-10-11T19:34:00.000000000Z,33,1,15907,7905.250000000,7908.750000000,7905.000000000,7907.750000000,742,NQZ9
2019-10-11T19:35:00.000000000Z,33,1,15907,7907.750000000,7911.750000000,7906.750000000,7908.500000000,1153,NQZ9
2019-10-11T19:35:00.000000000Z,33,1,10204,7928.250000000,7928.250000000,7928.250000000,7928.250000000,1,NQH0
2019-10-11T19:36:00.000000000Z,33,1,15907,7908.250000000,7909.250000000,7906.250000000,7907.750000000,471,NQZ9
2019-10-11T19:37:00.000000000Z,33,1,15907,7907.500000000,7911.250000000,7905.750000000,7910.500000000,763,NQZ9
2019-10-11T19:38:00.000000000Z,33,1,15907,7910.250000000,7911.500000000,7893.500000000,7900.000000000,2926,NQZ9
2019-10-11T19:39:00.000000000Z,33,1,10204,7928.250000000,7936.250000000,7928.250000000,7935.250000000,11,NQH0
2019-10-11T19:39:00.000000000Z,33,1,15907,7900.000000000,7918.000000000,7900.000000000,7917.000000000,3848,NQZ9
2019-10-11T19:40:00.000000000Z,33,1,15907,7917.250000000,7918.500000000,7908.250000000,7911.250000000,2430,NQZ9
2019-10-11T19:40:00.000000000Z,33,1,10204,7937.250000000,7937.250000000,7937.250000000,7937.250000000,3,NQH0
2019-10-11T19:41:00.000000000Z,33,1,15907,7910.250000000,7913.000000000,7905.750000000,7911.500000000,1234,NQZ9
2019-10-11T19:42:00.000000000Z,33,1,15907,7911.500000000,7913.000000000,7907.000000000,7911.250000000,804,NQZ9
2019-10-11T19:43:00.000000000Z,33,1,9346,20.500000000,20.500000000,20.500000000,20.500000000,2,NQZ9-NQH0
2019-10-11T19:43:00.000000000Z,33,1,15907,7911.250000000,7915.000000000,7908.750000000,7910.750000000,940,NQZ9
2019-10-11T19:43:00.000000000Z,33,1,10204,7934.250000000,7934.250000000,7934.250000000,7934.250000000,5,NQH0
2019-10-11T19:44:00.000000000Z,33,1,15907,7911.000000000,7912.000000000,7885.750000000,7886.000000000,3213,NQZ9
2019-10-11T19:44:00.000000000Z,33,1,10204,7919.250000000,7919.250000000,7919.250000000,7919.250000000,3,NQH0
2019-10-11T19:45:00.000000000Z,33,1,10204,7902.750000000,7911.000000000,7902.000000000,7911.000000000,9,NQH0
2019-10-11T19:45:00.000000000Z,33,1,9346,20.100000000,20.100000000,20.100000000,20.100000000,1,NQZ9-NQH0
2019-10-11T19:45:00.000000000Z,33,1,15907,7886.250000000,7892.000000000,7878.750000000,7890.250000000,2882,NQZ9
2019-10-11T19:46:00.000000000Z,33,1,10204,7896.000000000,7896.000000000,7896.000000000,7896.000000000,3,NQH0
2019-10-11T19:46:00.000000000Z,33,1,15907,7890.250000000,7891.250000000,7874.000000000,7876.250000000,2212,NQZ9
2019-10-11T19:47:00.000000000Z,33,1,15907,7876.500000000,7880.750000000,7873.000000000,7877.250000000,1920,NQZ9
2019-10-11T19:47:00.000000000Z,33,1,10204,7895.250000000,7895.250000000,7894.500000000,7894.500000000,6,NQH0
2019-10-11T19:48:00.000000000Z,33,1,10204,7897.750000000,7904.250000000,7888.750000000,7904.250000000,5,NQH0
2019-10-11T19:48:00.000000000Z,33,1,15907,7877.250000000,7887.500000000,7867.750000000,7886.750000000,3091,NQZ9
2019-10-11T19:49:00.000000000Z,33,1,15907,7887.000000000,7890.500000000,7874.000000000,7875.000000000,2683,NQZ9
2019-10-11T19:50:00.000000000Z,33,1,15907,7874.500000000,7879.750000000,7871.750000000,7873.000000000,2251,NQZ9
2019-10-11T19:50:00.000000000Z,33,1,10204,7894.500000000,7894.500000000,7894.500000000,7894.500000000,1,NQH0
2019-10-11T19:51:00.000000000Z,33,1,15907,7873.250000000,7880.250000000,7872.000000000,7879.250000000,1658,NQZ9
2019-10-11T19:52:00.000000000Z,33,1,15907,7879.500000000,7881.750000000,7875.000000000,7879.500000000,1208,NQZ9
2019-10-11T19:53:00.000000000Z,33,1,15907,7879.500000000,7880.250000000,7871.500000000,7872.250000000,1386,NQZ9
2019-10-11T19:54:00.000000000Z,33,1,15907,7872.000000000,7875.250000000,7863.500000000,7866.750000000,2666,NQZ9
2019-10-11T19:54:00.000000000Z,33,1,10204,7892.000000000,7892.000000000,7892.000000000,7892.000000000,2,NQH0
2019-10-11T19:55:00.000000000Z,33,1,15907,7866.250000000,7870.500000000,7855.250000000,7861.500000000,3913,NQZ9
2019-10-11T19:56:00.000000000Z,33,1,15907,7861.500000000,7865.500000000,7859.250000000,7865.000000000,1746,NQZ9
2019-10-11T19:56:00.000000000Z,33,1,10204,7879.500000000,7879.500000000,7879.500000000,7879.500000000,1,NQH0
2019-10-11T19:57:00.000000000Z,33,1,15907,7864.750000000,7864.750000000,7857.000000000,7862.750000000,2326,NQZ9
2019-10-11T19:58:00.000000000Z,33,1,9346,20.200000000,20.200000000,20.100000000,20.100000000,6,NQZ9-NQH0
2019-10-11T19:58:00.000000000Z,33,1,15907,7862.750000000,7863.750000000,7858.750000000,7861.500000000,2987,NQZ9
2019-10-11T19:58:00.000000000Z,33,1,10204,7882.000000000,7882.000000000,7880.250000000,7880.250000000,4,NQH0
2019-10-11T19:59:00.000000000Z,33,1,15907,7861.250000000,7861.250000000,7850.000000000,7851.250000000,7010,NQZ9
2019-10-11T20:00:00.000000000Z,33,1,15907,7851.500000000,7854.750000000,7836.000000000,7840.250000000,5051,NQZ9
2019-10-11T20:00:00.000000000Z,33,1,10204,7871.250000000,7871.250000000,7859.500000000,7859.500000000,11,NQH0
2019-10-11T20:01:00.000000000Z,33,1,10204,7862.250000000,7868.750000000,7862.250000000,7868.750000000,4,NQH0
2019-10-11T20:01:00.000000000Z,33,1,15907,7840.250000000,7848.500000000,7839.000000000,7847.000000000,2748,NQZ9
2019-10-11T20:02:00.000000000Z,33,1,10204,7865.500000000,7865.500000000,7863.000000000,7863.000000000,6,NQH0
2019-10-11T20:02:00.000000000Z,33,1,15907,7847.000000000,7850.750000000,7839.000000000,7849.250000000,1621,NQZ9
2019-10-11T20:02:00.000000000Z,33,1,9346,20.200000000,20.200000000,20.200000000,20.200000000,1,NQZ9-NQH0
2019-10-11T20:03:00.000000000Z,33,1,15907,7849.500000000,7855.250000000,7847.500000000,7855.250000000,1189,NQZ9
2019-10-11T20:03:00.000000000Z,33,1,10204,7874.250000000,7875.000000000,7874.250000000,7875.000000000,5,NQH0
2019-10-11T20:04:00.000000000Z,33,1,15907,7855.250000000,7860.000000000,7853.250000000,7856.250000000,1437,NQZ9
2019-10-11T20:04:00.000000000Z,33,1,10204,7877.500000000,7877.500000000,7877.500000000,7877.500000000,1,NQH0
2019-10-11T20:05:00.000000000Z,33,1,15907,7856.250000000,7859.000000000,7855.750000000,7857.500000000,675,NQZ9
2019-10-11T20:06:00.000000000Z,33,1,15907,7857.750000000,7862.000000000,7857.500000000,7858.500000000,642,NQZ9
2019-10-11T20:07:00.000000000Z,33,1,15907,7859.000000000,7861.750000000,7857.750000000,7858.750000000,503,NQZ9
2019-10-11T20:08:00.000000000Z,33,1,15907,7859.000000000,7862.000000000,7856.500000000,7860.250000000,780,NQZ9
2019-10-11T20:09:00.000000000Z,33,1,15907,7860.250000000,7860.250000000,7857.750000000,7858.000000000,492,NQZ9
2019-10-11T20:10:00.000000000Z,33,1,15907,7857.750000000,7858.000000000,7852.250000000,7857.750000000,663,NQZ9
2019-10-11T20:11:00.000000000Z,33,1,15907,7857.500000000,7859.000000000,7856.000000000,7856.250000000,185,NQZ9
2019-10-11T20:12:00.000000000Z,33,1,10204,7874.750000000,7874.750000000,7874.750000000,7874.750000000,1,NQH0
2019-10-11T20:12:00.000000000Z,33,1,15907,7856.000000000,7856.250000000,7853.500000000,7855.250000000,317,NQZ9
2019-10-11T20:13:00.000000000Z,33,1,15907,7855.750000000,7858.250000000,7855.000000000,7857.750000000,250,NQZ9
2019-10-11T20:14:00.000000000Z,33,1,15907,7857.750000000,7860.500000000,7852.250000000,7857.500000000,1078,NQZ9
2019-10-11T20:14:00.000000000Z,33,1,10204,7879.250000000,7879.750000000,7877.500000000,7877.500000000,5,NQH0
2019-10-11T20:30:00.000000000Z,33,1,15907,7857.250000000,7865.250000000,7854.000000000,7865.000000000,409,NQZ9
2019-10-11T20:31:00.000000000Z,33,1,15907,7864.750000000,7874.250000000,7864.000000000,7871.000000000,333,NQZ9
2019-10-11T20:32:00.000000000Z,33,1,15907,7870.750000000,7874.750000000,7867.500000000,7868.500000000,155,NQZ9
2019-10-11T20:33:00.000000000Z,33,1,15907,7867.500000000,7868.500000000,7865.500000000,7865.500000000,96,NQZ9
2019-10-11T20:34:00.000000000Z,33,1,15907,7865.750000000,7866.500000000,7862.750000000,7862.750000000,123,NQZ9
2019-10-11T20:35:00.000000000Z,33,1,10204,7882.000000000,7882.000000000,7882.000000000,7882.000000000,1,NQH0
2019-10-11T20:35:00.000000000Z,33,1,15907,7863.500000000,7864.000000000,7858.750000000,7860.500000000,161,NQZ9
2019-10-11T20:36:00.000000000Z,33,1,15907,7862.250000000,7862.500000000,7858.500000000,7859.250000000,49,NQZ9
2019-10-11T20:37:00.000000000Z,33,1,15907,7858.750000000,7861.500000000,7858.750000000,7861.500000000,34,NQZ9
2019-10-11T20:38:00.000000000Z,33,1,15907,7861.000000000,7862.750000000,7861.000000000,7862.750000000,21,NQZ9
2019-10-11T20:39:00.000000000Z,33,1,15907,7862.500000000,7866.000000000,7861.500000000,7864.250000000,210,NQZ9
2019-10-11T20:40:00.000000000Z,33,1,15907,7863.500000000,7863.750000000,7860.750000000,7860.750000000,32,NQZ9
2019-10-11T20:41:00.000000000Z,33,1,15907,7860.500000000,7861.500000000,7859.000000000,7860.000000000,52,NQZ9
2019-10-11T20:42:00.000000000Z,33,1,15907,7860.750000000,7861.250000000,7860.000000000,7860.750000000,36,NQZ9
2019-10-11T20:43:00.000000000Z,33,1,15907,7860.500000000,7862.500000000,7858.750000000,7860.000000000,56,NQZ9
2019-10-11T20:44:00.000000000Z,33,1,15907,7859.250000000,7861.250000000,7858.250000000,7861.000000000,118,NQZ9
2019-10-11T20:45:00.000000000Z,33,1,15907,7859.750000000,7861.250000000,7858.750000000,7859.000000000,51,NQZ9
2019-10-11T20:46:00.000000000Z,33,1,15907,7859.500000000,7861.000000000,7859.250000000,7860.000000000,27,NQZ9
2019-10-11T20:47:00.000000000Z,33,1,15907,7859.500000000,7859.500000000,7855.750000000,7857.750000000,78,NQZ9
2019-10-11T20:48:00.000000000Z,33,1,15907,7857.250000000,7858.250000000,7856.000000000,7856.750000000,41,NQZ9
2019-10-11T20:49:00.000000000Z,33,1,15907,7857.000000000,7857.000000000,7853.250000000,7853.250000000,55,NQZ9
2019-10-11T20:50:00.000000000Z,33,1,15907,7853.000000000,7857.250000000,7852.750000000,7856.250000000,35,NQZ9
2019-10-11T20:51:00.000000000Z,33,1,15907,7856.750000000,7857.250000000,7856.000000000,7856.250000000,23,NQZ9
2019-10-11T20:52:00.000000000Z,33,1,15907,7855.250000000,7861.000000000,7855.250000000,7860.500000000,100,NQZ9
2019-10-11T20:52:00.000000000Z,33,1,9346,20.600000000,20.600000000,20.600000000,20.600000000,1,NQZ9-NQH0
2019-10-11T20:53:00.000000000Z,33,1,15907,7860.750000000,7862.500000000,7859.750000000,7861.750000000,55,NQZ9
2019-10-11T20:54:00.000000000Z,33,1,15907,7860.250000000,7861.000000000,7856.750000000,7860.000000000,75,NQZ9
2019-10-11T20:55:00.000000000Z,33,1,15907,7859.750000000,7860.000000000,7857.500000000,7860.000000000,52,NQZ9
2019-10-11T20:56:00.000000000Z,33,1,15907,7859.750000000,7860.250000000,7858.750000000,7858.750000000,25,NQZ9
2019-10-11T20:57:00.000000000Z,33,1,15907,7860.000000000,7861.000000000,7858.750000000,7859.250000000,57,NQZ9
2019-10-11T20:58:00.000000000Z,33,1,15907,7860.500000000,7860.500000000,7858.750000000,7859.250000000,42,NQZ9
2019-10-11T20:59:00.000000000Z,33,1,15907,7859.250000000,7859.750000000,7857.500000000,7858.500000000,75,NQZ9
